200 10000 4
187 8
15 11
66 42
121 120
80 97
51 25
5 6
90 101
157 35
86 104
62 103
144 117
59 78
97 68
195 38
100 91
53 117
162 120
166 139
183 29
107 187
139 48
30 120
123 42
54 116
0 198
3 189
53 99
175 143
75 101
41 190
142 161
145 174
160 15
36 5
134 162
55 151
0 101
22 47
59 62
132 39
133 43
80 32
132 27
136 127
147 63
27 189
2 156
163 165
31 18
41 194
50 49
69 191
17 149
123 133
100 187
67 66
46 84
150 10
107 68
86 165
30 23
166 155
30 185
128 87
64 193
83 87
83 129
80 43
170 191
40 1
23 191
99 78
127 18
51 167
80 14
1 169
190 28
57 124
80 101
3 147
164 108
144 0
85 172
2 199
121 93
150 84
186 163
17 114
186 63
139 8
160 135
112 194
112 199
72 95
67 110
142 103
166 115
60 154
12 165
25 169
67 7
25 93
9 70
99 28
188 44
127 119
59 178
168 178
16 177
67 130
53 189
95 117
188 47
90 24
36 24
190 146
13 76
160 159
30 11
139 158
195 44
51 32
66 48
144 23
136 42
83 156
160 145
31 184
53 155
30 176
67 185
187 68
188 64
56 58
35 159
166 156
13 161
118 151
184 11
141 27
57 28
71 112
34 54
49 159
15 48
51 182
84 120
58 43
80 49
107 177
62 83
41 45
136 5
184 93
102 74
77 43
127 92
139 178
20 138
112 167
26 42
157 184
4 163
176 143
164 154
26 167
6 198
128 88
186 130
56 78
59 15
103 189
118 181
171 161
50 124
57 127
24 138
55 92
57 183
14 6
50 19
149 91
3 84
173 47
98 131
196 151
41 184
188 148
86 105
108 116
61 147
98 45
153 13
5 193
100 171
66 116
46 5
6 117
21 38
186 154
59 123
84 18
75 74
97 21
145 199
41 171
150 38
131 33
141 73
26 199
58 130
3 180
31 24
151 143
98 62
168 140
132 70
122 68
114 177
54 83
184 178
111 155
79 63
115 113
79 77
101 43
79 62
165 92
46 181
179 32
67 103
39 87
165 96
64 138
22 25
53 118
25 140
59 131
100 32
188 159
109 103
185 47
123 117
155 93
26 82
40 130
34 42
57 93
50 187
121 110
111 154
171 169
122 197
123 92
144 21
88 177
34 165
185 120
14 168
51 155
185 11
127 38
36 58
123 120
79 161
98 146
25 189
164 7
24 18
149 78
5 48
61 77
155 187
53 167
2 189
37 145
12 142
69 28
67 9
35 39
72 154
35 117
166 148
109 140
132 199
95 2
192 100
2 148
53 172
126 10
176 68
54 68
118 45
52 96
188 6
75 140
118 161
126 138
152 55
59 40
14 11
61 146
70 43
51 126
149 159
127 165
52 87
4 19
150 78
27 176
37 198
15 172
100 81
106 63
153 147
84 158
171 181
157 39
116 178
67 37
35 47
46 103
85 175
40 167
106 191
144 68
153 199
14 124
141 70
94 89
75 133
106 43
134 198
64 191
123 191
72 197
136 7
144 131
183 198
52 43
141 100
123 58
40 148
22 32
166 124
57 197
9 6
164 78
182 197
165 29
173 161
55 180
190 8
141 2
17 16
144 93
36 16
112 180
183 18
4 199
73 174
12 190
195 126
86 182
100 176
157 84
190 104
25 87
75 179
98 7
152 168
170 94
85 0
137 194
23 176
31 78
120 117
1 76
141 117
123 38
109 183
72 113
71 169
99 33
186 103
111 194
160 149
122 187
67 112
137 177
192 8
35 198
152 185
71 142
190 33
41 122
25 88
125 15
107 126
188 88
21 33
53 106
15 133
125 83
196 135
144 118
60 31
150 147
152 27
84 49
25 91
66 2
166 142
53 183
106 154
111 103
17 27
46 9
23 65
141 58
56 63
85 32
62 178
59 145
73 130
120 29
86 168
133 29
41 102
5 104
7 76
25 29
188 5
36 13
157 168
125 142
31 119
115 43
147 38
12 95
150 155
109 156
83 11
187 18
132 127
41 14
128 146
187 93
162 158
118 33
16 198
153 38
137 92
155 6
167 156
106 151
186 110
168 158
85 43
20 175
60 23
23 197
192 194
134 138
126 130
17 44
118 169
166 40
5 143
54 158
188 23
86 68
121 63
179 181
67 64
111 87
15 76
71 40
152 140
115 140
153 100
59 199
102 29
35 114
164 127
90 130
133 11
99 70
20 10
176 156
155 168
20 89
108 154
71 110
157 113
190 47
25 13
69 44
185 178
163 158
192 158
125 107
35 165
160 114
162 93
125 66
188 194
179 138
167 19
26 10
125 133
121 64
173 139
142 93
188 128
137 114
12 102
83 19
103 161
85 151
121 190
162 161
1 117
39 43
185 93
9 19
36 89
170 199
115 49
183 76
67 83
3 149
149 193
60 194
131 45
163 88
100 47
106 176
27 1
134 66
111 176
98 169
128 103
125 26
170 167
3 129
141 89
125 169
131 89
134 118
73 146
31 32
72 173
50 191
67 174
108 161
30 88
12 77
5 179
166 15
3 18
14 21
55 174
4 58
69 8
166 158
16 96
186 122
163 180
14 154
51 69
81 143
2 138
123 161
23 151
137 113
120 178
22 14
55 42
17 18
157 187
195 156
39 199
36 142
164 70
50 69
3 39
160 55
125 42
79 105
40 165
141 68
173 193
50 142
57 114
153 156
135 172
20 70
97 92
51 112
34 133
0 89
97 93
31 45
22 180
134 23
115 58
75 47
84 193
115 159
111 73
3 107
91 198
114 119
24 19
167 138
15 103
67 176
183 181
122 114
123 169
9 49
34 124
190 167
69 45
132 131
192 181
142 33
14 113
94 119
15 158
56 120
192 179
151 113
152 87
192 16
84 43
150 124
23 42
153 28
64 130
111 32
142 194
12 183
55 189
133 18
108 63
109 190
88 68
95 129
157 182
136 94
84 32
133 63
60 8
192 169
52 88
188 129
94 8
137 133
160 175
194 117
27 154
9 189
20 16
106 33
50 8
95 10
108 103
60 56
186 104
55 45
150 96
111 187
51 78
136 135
55 139
188 171
41 0
30 24
51 190
85 87
9 169
85 64
17 28
22 92
77 177
102 1
23 146
196 143
104 96
67 76
61 194
166 16
64 29
15 74
111 193
14 148
171 38
153 32
137 38
62 10
34 110
94 130
20 122
109 131
71 21
57 198
157 120
66 158
196 25
12 104
128 43
170 120
61 11
40 172
90 8
22 49
137 82
98 168
21 87
90 65
30 159
107 19
145 32
4 117
196 131
44 93
75 21
83 143
20 88
137 198
2 92
86 83
78 191
170 131
152 103
56 38
23 140
123 189
62 88
173 148
133 130
134 154
153 97
0 8
122 143
107 154
127 120
167 140
53 70
187 193
179 140
122 181
31 140
151 68
192 133
195 70
72 25
75 129
157 104
188 27
21 18
66 135
162 87
46 113
150 193
144 24
41 73
60 105
164 49
9 58
136 63
153 163
99 38
195 49
112 178
134 68
60 197
107 2
57 129
100 120
61 140
168 138
16 29
134 96
60 83
95 189
196 128
94 187
67 169
4 64
116 47
41 15
111 88
55 89
131 28
20 189
41 37
61 126
71 198
135 140
40 45
155 104
67 115
144 1
53 190
152 76
123 24
80 190
25 168
83 110
67 190
141 104
57 24
132 26
72 104
152 182
3 183
136 107
121 193
84 198
85 95
56 81
170 37
73 191
137 65
183 21
190 10
112 169
84 88
4 90
41 89
186 189
127 47
31 19
14 28
136 89
52 11
162 68
150 44
192 190
56 178
69 184
55 143
35 83
164 163
152 145
98 128
136 58
131 104
125 55
134 107
137 29
137 108
133 181
194 76
13 48
3 69
150 55
81 76
157 175
121 178
137 176
0 187
22 62
70 129
183 180
132 142
9 193
62 81
14 189
136 76
7 101
26 45
67 70
83 158
146 10
182 151
60 174
102 49
51 146
97 18
41 55
14 83
151 18
175 172
66 91
85 94
72 100
85 45
120 63
95 110
5 82
24 11
104 89
135 74
75 29
188 63
139 199
196 180
107 181
153 54
77 88
3 88
55 1
176 140
118 8
81 117
28 148
55 191
127 151
3 35
50 159
122 105
85 78
22 101
104 174
97 151
175 87
185 181
62 174
160 90
49 87
186 28
97 38
60 90
64 81
108 169
190 114
40 189
196 74
195 43
160 112
59 77
41 66
160 140
118 176
21 156
170 165
88 96
66 140
86 131
73 171
4 179
67 159
126 48
153 198
137 77
44 130
152 167
109 193
52 123
61 42
190 178
95 181
196 83
17 31
70 117
55 81
160 102
90 172
136 97
3 173
23 82
30 99
80 68
36 97
155 42
149 172
166 151
60 112
52 133
109 73
139 138
125 76
85 15
59 100
154 18
72 65
167 76
128 168
41 78
186 54
153 189
51 142
4 131
197 189
57 2
26 8
50 198
95 140
55 119
57 117
111 25
77 65
57 176
104 8
152 66
121 10
133 42
153 37
153 64
170 91
22 94
150 82
141 187
71 69
56 177
59 183
112 16
85 91
39 117
79 191
150 88
64 21
135 42
150 48
2 191
170 115
109 45
75 145
175 29
168 87
166 93
60 113
105 143
105 110
150 93
86 1
134 35
12 58
105 92
160 84
196 154
114 138
94 189
134 33
121 18
52 172
145 143
108 89
23 8
107 120
52 39
192 33
111 198
155 129
77 82
85 116
50 180
6 110
30 94
12 74
170 101
80 183
70 29
16 161
102 126
80 23
86 39
150 105
20 66
84 148
78 159
160 167
27 32
186 81
104 76
108 140
62 161
196 64
128 104
55 198
60 13
114 158
51 8
157 45
139 172
137 87
144 116
25 68
135 29
5 103
67 113
46 126
125 62
26 78
170 42
85 39
126 129
95 197
78 143
46 48
61 31
69 194
121 39
4 171
66 198
9 126
64 47
137 148
15 47
142 126
125 179
112 45
170 33
41 65
164 56
125 190
31 194
163 193
9 18
20 127
73 168
84 24
16 42
134 185
2 29
53 102
192 151
39 33
41 112
137 78
77 76
154 124
141 26
188 84
91 119
44 138
7 171
142 18
149 140
27 159
30 172
195 129
46 187
115 32
150 16
64 151
132 197
103 76
132 55
109 56
4 48
118 159
25 82
154 177
46 155
24 92
56 16
21 93
127 114
118 189
137 159
46 104
152 89
175 78
17 120
36 43
54 146
95 105
69 178
164 107
132 179
118 47
54 154
72 110
30 81
160 99
153 120
79 95
64 172
80 24
115 76
109 35
20 40
102 140
90 42
106 81
132 48
73 6
4 91
102 63
83 180
73 48
135 158
37 96
60 142
85 11
167 143
166 24
40 42
186 133
195 8
123 70
14 172
160 43
134 124
100 130
80 6
116 93
108 174
50 197
0 146
155 184
79 180
166 100
75 44
27 168
75 146
157 129
95 187
102 189
62 176
153 1
136 183
118 167
196 133
20 168
59 93
52 32
176 172
80 89
3 56
54 194
195 93
184 42
62 184
97 156
36 91
164 81
52 146
14 63
109 128
27 58
183 189
62 24
194 130
108 165
20 159
86 90
134 94
79 27
99 103
160 190
102 120
155 161
64 197
176 189
14 16
162 184
52 100
160 42
60 167
170 127
98 92
0 174
53 163
192 148
77 181
167 172
160 176
84 130
98 37
57 120
183 117
80 126
134 127
170 62
127 44
104 161
20 171
0 43
77 19
157 123
163 83
80 21
107 58
155 120
85 8
166 127
46 105
175 178
144 95
17 102
5 126
160 151
142 76
170 180
105 161
170 106
75 18
141 62
155 124
152 13
25 184
0 161
58 178
46 151
149 44
0 42
98 74
72 107
17 161
188 29
25 133
186 35
53 28
98 127
166 26
30 21
125 70
111 19
61 101
62 8
102 156
160 193
152 83
163 130
171 48
4 62
126 119
15 78
105 172
108 197
155 92
84 39
61 7
30 169
17 38
134 54
179 124
73 49
77 104
165 180
80 167
86 9
24 177
190 68
135 63
142 174
34 199
73 184
15 96
164 74
71 29
0 44
20 162
77 184
149 119
131 24
26 181
40 19
157 88
115 38
20 74
99 104
136 120
197 174
50 154
53 15
85 77
108 178
78 82
175 13
132 123
179 76
104 130
163 145
60 76
35 124
146 156
186 99
160 29
164 96
75 19
71 194
37 103
46 8
66 103
153 95
21 181
157 167
81 124
196 49
160 56
166 172
72 148
21 43
155 39
34 15
115 44
153 5
46 199
186 26
80 38
17 88
123 143
153 35
167 158
7 187
147 179
28 32
146 191
91 161
141 92
165 148
51 199
85 5
103 129
185 184
35 88
116 199
151 42
54 167
27 11
121 73
72 78
69 156
128 180
75 197
104 191
64 44
153 110
125 118
125 82
187 178
186 16
99 91
122 39
162 29
77 24
85 114
154 110
24 119
53 21
115 114
64 133
182 124
3 143
78 169
195 143
173 49
81 45
0 48
192 45
64 168
122 156
167 193
7 42
136 161
14 19
103 89
121 139
160 118
121 199
95 63
153 56
136 37
121 29
132 169
7 140
56 189
12 27
20 147
141 56
17 107
139 174
40 104
0 168
5 176
125 123
52 94
59 87
7 191
41 68
3 33
192 48
102 116
183 93
60 42
40 198
90 143
104 33
109 158
80 5
20 33
52 193
122 38
114 11
26 1
15 151
170 112
27 43
131 29
57 92
152 116
132 143
167 199
12 151
134 73
59 198
153 105
36 106
70 156
108 151
64 158
23 28
196 63
53 128
175 42
128 191
173 89
132 158
25 49
12 97
179 177
17 198
197 140
94 174
44 82
194 47
22 142
105 189
79 0
195 197
51 29
121 146
111 120
72 62
81 193
99 45
144 55
164 126
196 171
70 113
164 165
196 47
182 68
2 117
175 180
118 83
150 182
131 47
186 116
77 29
57 54
50 108
13 11
55 140
56 148
61 44
170 19
95 169
0 74
12 5
52 177
102 199
192 95
28 129
170 31
179 93
188 123
25 191
116 191
23 126
80 172
141 25
50 43
123 110
55 114
149 176
6 174
183 104
170 40
197 117
1 48
24 129
175 65
107 139
166 66
54 198
98 78
53 84
197 199
188 82
86 179
14 158
78 10
122 151
171 110
53 47
171 159
62 43
41 16
66 161
25 143
59 38
144 69
79 10
61 122
121 172
6 8
86 99
13 43
77 21
175 198
64 187
108 101
60 11
112 11
17 194
4 81
186 148
3 87
72 106
175 92
78 138
37 139
150 69
98 66
123 140
4 38
22 174
104 138
111 7
30 5
97 194
107 169
4 6
182 154
24 140
41 43
115 129
46 89
98 40
168 189
35 78
5 165
91 48
166 38
160 77
50 114
166 191
49 43
57 140
53 129
86 167
95 119
50 84
137 107
142 42
7 28
109 149
95 92
131 63
157 158
170 142
144 112
104 92
183 33
83 159
55 58
40 21
36 1
164 114
46 78
185 87
100 8
67 197
50 126
70 138
146 76
34 7
94 169
57 33
145 63
75 117
184 47
123 159
26 191
53 95
16 76
111 94
46 149
196 45
122 78
54 43
35 184
81 161
86 183
100 21
14 105
121 169
37 138
153 8
114 140
196 168
107 168
59 82
187 161
26 91
147 39
121 151
59 64
9 199
162 105
121 70
12 54
175 2
176 33
152 172
137 40
78 47
25 172
125 173
95 96
183 126
131 116
98 140
194 178
90 168
30 175
175 28
160 124
44 19
56 194
79 69
107 92
70 124
50 37
84 105
183 110
39 124
149 198
30 95
56 28
135 130
141 23
183 8
144 77
111 114
131 92
60 0
97 168
101 93
182 16
72 70
186 159
157 55
41 75
154 169
186 151
95 154
7 16
162 39
154 143
150 114
30 168
52 45
60 180
99 119
54 178
102 146
81 74
5 81
24 113
73 177
144 6
116 143
145 92
86 55
34 68
86 119
64 101
154 43
54 151
125 178
98 8
160 181
36 66
79 14
196 94
182 189
166 96
90 10
67 10
107 33
31 180
85 135
52 35
79 99
79 114
85 177
106 24
79 26
80 27
152 24
16 169
175 151
21 124
69 138
160 97
70 47
51 33
98 49
79 9
101 156
128 70
20 23
98 54
147 194
83 42
20 55
108 119
133 96
98 114
108 139
80 163
136 74
22 28
24 159
147 105
30 26
131 18
79 48
88 42
59 106
50 178
101 76
134 48
185 165
51 163
121 21
141 33
112 87
85 6
115 70
64 113
52 99
85 44
197 119
57 177
163 161
192 28
57 83
116 29
41 62
53 126
40 174
7 172
66 89
157 126
62 159
149 161
157 32
100 177
103 140
131 119
57 126
80 78
54 11
90 178
22 8
109 130
175 114
26 19
56 124
64 10
152 163
75 110
3 159
109 180
59 113
52 75
120 42
132 81
9 180
142 165
72 142
123 139
144 119
188 7
85 148
60 175
41 58
144 90
61 74
171 82
9 87
2 63
137 91
152 7
136 44
53 184
173 29
12 1
25 83
61 199
73 24
128 63
36 127
60 191
34 8
75 168
26 2
147 92
147 78
131 146
102 87
157 68
35 38
185 88
22 154
185 159
71 159
114 113
13 63
185 70
80 178
164 184
165 193
144 43
30 143
22 171
186 43
62 129
28 124
175 63
30 148
136 177
100 154
61 113
102 171
115 151
75 124
56 33
147 10
27 181
162 63
170 23
134 2
59 173
188 126
179 129
54 58
5 43
50 97
50 54
80 184
190 191
123 93
52 167
146 18
145 189
175 124
75 161
112 161
66 104
99 178
116 189
7 43
160 122
1 159
152 47
134 62
69 24
86 49
86 64
164 66
72 139
61 198
61 13
163 151
4 40
0 165
34 155
97 63
34 58
58 93
3 19
152 37
157 131
197 110
79 55
192 187
46 42
183 89
175 176
114 10
86 128
31 83
182 44
59 110
103 48
5 140
17 81
170 182
72 177
50 185
53 139
100 45
27 18
12 184
153 124
71 58
39 47
114 74
21 47
53 10
141 194
9 83
39 11
154 199
188 103
14 29
4 18
108 74
167 63
71 138
166 184
40 91
162 169
99 161
195 69
72 127
20 115
77 179
112 113
111 21
53 123
162 117
90 81
101 19
84 104
190 29
65 33
51 128
99 110
176 42
24 45
108 177
59 176
123 16
53 96
100 129
35 133
71 123
36 149
86 95
57 173
49 29
160 83
144 172
79 140
3 174
53 1
12 63
67 26
145 96
14 135
97 165
36 73
125 45
153 92
163 11
66 172
15 10
190 76
120 143
81 89
13 45
160 183
37 156
17 54
60 122
135 11
132 35
54 140
7 93
102 161
111 75
192 54
105 181
79 54
30 122
194 119
152 62
150 74
54 87
132 105
67 177
107 93
23 78
112 129
98 11
40 82
118 29
52 130
90 146
153 135
166 162
136 180
22 175
109 9
5 92
102 135
157 174
185 74
152 0
3 119
17 37
98 68
167 11
100 1
50 9
36 113
28 47
67 24
71 44
149 158
166 81
111 177
99 138
50 26
133 140
7 165
64 42
56 11
166 190
12 169
15 29
114 8
85 122
30 173
153 167
137 64
64 2
175 39
102 133
40 169
6 191
97 181
188 13
98 44
173 13
122 48
153 180
98 9
22 76
91 174
99 74
95 194
12 37
196 122
4 96
94 140
183 88
192 107
186 90
85 104
190 65
149 24
131 70
22 58
51 159
109 182
173 145
20 64
109 122
59 171
123 180
22 77
67 54
141 178
60 130
195 149
53 90
190 32
20 75
36 159
152 107
160 106
106 140
102 65
66 82
86 28
20 87
152 49
5 44
155 1
134 101
196 55
196 107
149 143
141 143
152 101
12 116
141 185
116 119
150 25
196 193
9 124
50 123
121 49
187 169
187 43
136 199
86 62
54 39
151 19
75 187
164 6
53 69
97 70
39 18
59 83
44 199
150 66
62 45
20 194
53 0
1 47
151 159
20 161
183 184
72 55
141 18
14 65
153 108
57 11
182 180
73 10
73 11
86 47
51 49
23 113
162 24
59 33
192 69
162 18
144 179
163 143
80 37
17 11
66 168
3 93
107 13
170 123
157 114
81 29
40 8
153 113
109 127
126 32
153 65
67 162
28 140
153 66
20 19
163 154
134 102
101 110
57 199
1 138
188 69
149 92
72 163
73 39
62 120
69 74
134 100
190 126
86 120
84 28
111 138
100 42
72 161
34 35
77 96
49 96
59 32
197 191
183 68
154 68
109 58
59 172
112 120
23 193
157 118
41 120
163 177
20 176
20 104
107 43
52 115
12 7
111 118
194 193
126 156
131 194
165 42
134 55
98 143
134 113
1 180
186 82
197 43
59 181
139 129
94 78
194 74
4 106
144 38
71 2
34 103
142 143
40 76
61 162
67 129
52 15
17 15
52 16
70 148
94 151
62 167
71 16
36 96
132 15
142 199
136 29
84 168
153 44
195 14
111 151
125 151
57 116
4 181
27 151
141 179
14 87
176 193
1 96
4 24
132 171
122 43
100 63
90 158
56 146
132 108
170 88
160 133
146 138
23 124
107 11
5 154
134 44
151 178
24 74
54 117
190 145
132 29
146 63
186 62
125 5
108 179
123 145
3 117
53 146
109 78
39 63
166 47
183 130
84 47
64 63
144 92
157 169
17 108
109 19
105 177
25 96
61 197
71 10
55 138
108 148
188 106
128 116
52 128
136 110
98 99
175 81
123 10
71 155
136 104
26 119
164 40
175 140
26 70
17 58
20 131
106 184
15 45
125 131
157 103
112 43
125 47
157 105
79 49
94 105
25 63
73 18
41 70
9 63
75 139
59 130
84 11
7 91
67 62
15 169
60 177
51 118
3 32
81 43
123 39
0 88
22 87
190 172
14 194
24 124
50 29
115 168
57 162
195 187
79 172
16 148
64 119
103 199
157 91
184 117
192 82
99 65
52 156
111 18
72 178
125 139
53 122
171 89
155 2
188 174
145 29
80 56
36 55
57 148
55 16
132 38
127 116
123 174
5 114
149 18
186 39
62 74
37 49
85 89
51 92
118 92
164 19
142 117
84 82
104 158
183 177
2 177
127 129
163 93
100 24
34 82
109 64
137 39
147 140
102 21
166 117
34 171
55 68
188 142
111 104
164 55
123 119
62 116
149 126
196 194
160 26
12 133
125 130
132 174
175 47
155 8
75 189
176 124
80 124
104 129
175 88
3 10
51 70
79 174
9 28
37 11
125 171
100 16
196 161
164 199
196 158
59 91
7 158
152 94
160 25
79 194
30 117
36 21
62 194
126 178
195 1
81 42
34 97
91 193
67 173
163 1
60 143
109 135
142 154
163 198
155 28
12 156
188 110
77 135
103 10
104 82
72 101
65 159
77 176
7 44
90 193
36 40
121 84
59 68
80 8
164 113
69 65
134 16
135 143
173 63
72 130
41 135
137 99
21 177
153 154
190 180
132 146
52 23
111 159
122 6
146 38
71 148
164 130
77 49
155 103
121 94
35 179
120 191
98 119
37 187
106 11
57 44
123 129
59 156
192 24
116 33
51 180
164 58
26 179
182 76
2 38
50 56
188 43
137 18
184 198
150 0
59 197
154 89
186 77
137 165
131 114
22 128
157 23
41 174
31 42
144 76
4 10
27 138
31 89
14 114
160 18
25 1
136 143
163 199
85 75
179 161
135 93
153 68
107 117
30 89
153 18
187 198
144 66
162 76
83 48
153 161
100 93
125 81
34 69
80 171
190 199
53 33
84 176
100 43
132 28
97 39
155 143
57 131
127 138
13 189
179 47
71 75
105 180
133 124
15 139
118 74
16 48
152 95
141 45
4 102
50 156
20 14
121 45
90 177
86 26
20 179
0 148
91 117
197 74
98 47
121 119
51 99
54 65
73 78
137 11
188 65
195 165
160 8
35 172
166 165
53 108
102 33
15 146
71 158
79 5
167 8
162 119
175 21
61 173
80 84
73 140
56 116
80 189
7 119
61 187
103 169
126 87
64 6
176 169
149 32
157 143
192 178
187 10
186 24
134 177
171 45
62 29
7 120
192 89
165 158
173 1
185 167
170 190
12 175
168 29
86 161
125 172
142 181
155 116
61 102
192 142
57 35
51 81
132 168
98 112
112 130
105 156
185 28
179 169
46 7
30 44
109 11
3 82
9 158
192 9
51 42
35 158
185 189
134 19
17 169
151 193
183 32
77 138
2 33
0 171
9 29
15 83
166 91
166 179
120 10
66 130
21 119
51 197
60 84
14 143
98 108
192 146
50 25
51 9
40 83
12 2
188 155
79 178
134 115
54 1
54 29
186 87
80 168
128 124
34 147
111 14
85 174
184 38
131 154
109 44
164 45
71 55
34 81
27 184
59 148
60 64
118 174
15 130
141 168
170 49
15 39
153 158
70 169
179 113
56 171
196 142
134 172
162 19
2 32
116 140
46 47
152 197
0 116
25 117
55 39
141 129
170 171
36 48
149 16
41 54
111 130
13 87
4 5
46 26
126 74
71 122
28 19
60 40
90 103
54 143
36 7
115 130
69 168
170 161
55 167
71 179
170 185
90 83
3 128
46 66
134 135
75 65
163 194
30 112
90 76
141 69
51 169
164 24
108 105
118 110
37 126
111 171
170 107
91 130
160 93
188 24
69 135
149 174
171 93
121 7
60 133
195 184
67 101
57 26
53 185
51 38
136 117
134 10
157 181
100 193
67 120
120 33
21 74
136 193
86 43
146 29
7 103
141 130
98 95
151 93
12 108
26 194
144 180
90 197
142 124
34 91
150 189
28 113
69 143
83 174
80 31
70 193
61 55
35 191
182 87
116 156
75 2
61 92
61 114
137 49
75 42
98 194
20 123
88 181
58 199
71 189
46 177
57 185
150 27
17 0
192 124
165 161
164 168
53 110
49 33
58 32
36 8
103 191
34 76
41 165
99 184
65 140
41 48
154 198
35 104
52 21
85 155
188 175
9 159
50 83
72 88
0 19
84 179
77 32
36 92
109 75
94 154
108 11
49 38
34 193
69 140
85 145
98 191
144 168
111 178
132 44
51 107
164 100
13 140
190 159
90 156
126 148
128 18
25 65
85 37
111 179
22 122
83 32
73 29
58 189
34 198
50 101
56 184
125 191
77 140
80 119
56 191
30 16
34 89
194 18
94 24
164 13
57 179
75 198
9 145
66 87
59 119
127 178
109 77
52 197
90 189
144 162
128 45
15 38
90 16
144 149
118 19
80 58
22 112
79 187
112 70
163 45
127 93
125 120
166 56
153 149
135 45
101 129
62 96
60 82
187 130
120 140
35 103
154 138
132 191
162 10
22 148
50 133
120 181
44 158
72 147
106 167
24 199
101 199
139 68
139 74
150 100
128 154
135 199
27 140
109 76
46 70
75 103
51 82
69 104
152 118
128 82
120 93
185 138
135 174
183 191
190 63
22 191
162 130
64 145
111 83
136 174
196 140
195 96
195 90
88 180
106 104
102 114
188 168
127 168
125 156
7 11
120 38
195 145
185 48
166 58
14 42
67 100
150 91
171 43
188 149
155 44
142 189
109 21
137 115
58 138
141 78
137 184
22 155
75 39
9 197
100 178
0 189
108 176
50 118
2 19
127 33
4 49
164 110
67 47
106 93
5 2
152 177
141 54
139 43
66 129
188 33
80 185
160 101
186 94
160 148
88 169
86 2
50 120
164 26
23 184
154 45
136 83
73 42
111 69
123 19
67 158
102 158
15 63
53 25
0 91
108 2
39 198
166 185
31 29
72 48
86 139
127 105
120 11
20 13
125 122
66 156
147 13
69 78
4 180
85 16
59 54
58 113
77 114
112 81
196 19
25 181
147 114
84 133
36 158
182 171
164 88
14 191
98 83
22 18
4 42
131 76
95 38
72 120
94 165
52 89
61 16
35 197
155 138
152 48
100 168
12 180
160 76
118 68
50 181
121 162
118 38
160 154
79 139
41 177
0 151
69 68
37 78
188 162
196 147
121 54
176 18
157 156
90 6
175 145
187 33
195 48
30 49
85 23
105 198
46 197
52 173
187 129
196 172
179 8
134 158
121 96
185 1
52 191
0 154
157 90
170 18
136 189
128 33
170 138
12 174
79 190
101 8
105 199
1 43
95 199
59 21
176 92
195 151
176 191
98 58
86 162
12 118
50 169
88 156
77 151
60 45
109 124
12 130
26 74
52 47
17 82
56 105
72 193
192 26
107 8
15 191
15 24
80 123
183 44
9 191
175 158
149 117
72 175
14 24
112 103
121 182
64 38
17 63
104 177
170 24
69 11
106 120
184 45
192 172
166 70
115 145
24 82
53 38
25 120
70 177
112 92
60 124
66 101
55 126
53 24
99 68
79 173
85 187
84 42
67 114
106 159
187 159
71 83
50 115
30 43
23 130
99 159
160 2
106 181
185 103
91 19
65 42
157 29
61 6
182 194
182 198
196 27
41 27
160 146
86 10
71 19
154 156
50 21
115 156
26 81
71 190
167 117
71 97
195 9
195 54
69 179
12 113
94 13
62 93
144 139
186 2
186 5
164 189
36 119
184 169
23 138
57 87
115 187
134 0
168 119
53 29
187 172
66 76
25 70
55 103
81 129
141 126
9 156
99 158
80 33
71 62
162 139
22 115
190 138
134 43
135 19
168 45
162 89
6 63
133 172
41 116
3 14
173 172
20 81
108 32
79 24
15 143
36 44
6 33
78 117
142 138
78 76
57 112
109 40
134 199
118 96
137 75
57 154
106 165
46 198
35 68
165 32
61 69
21 63
39 29
91 45
125 103
123 114
116 87
166 7
155 171
165 43
183 129
165 156
141 77
132 89
141 155
44 33
30 91
70 161
22 184
195 103
176 29
95 18
154 113
60 5
40 179
99 105
25 194
175 184
111 29
196 124
15 13
100 74
91 96
141 115
132 102
150 54
196 182
142 177
176 130
153 197
62 2
123 124
7 133
25 110
50 42
134 64
141 32
137 21
59 189
164 112
132 177
34 129
111 163
59 140
12 124
98 139
52 83
160 14
111 149
149 154
75 177
73 187
23 33
60 33
123 45
165 19
147 178
99 47
36 47
51 181
183 133
59 29
121 101
135 8
7 10
34 48
53 11
64 65
79 97
123 87
183 70
111 48
153 173
53 74
166 10
56 174
39 32
107 167
80 40
154 32
57 108
111 70
194 33
72 149
36 199
46 77
77 93
155 88
153 2
136 169
112 189
88 159
39 113
125 161
108 143
134 1
3 165
100 49
144 42
60 126
149 180
12 194
176 76
115 116
84 135
4 142
6 68
99 63
3 55
194 89
132 43
132 175
101 178
144 11
103 87
134 8
94 76
126 18
12 81
61 112
141 83
86 48
171 18
175 120
101 177
141 105
30 113
71 92
61 123
86 35
109 37
111 68
155 133
147 33
105 117
152 16
50 58
4 118
142 47
173 191
121 197
97 110
56 135
26 197
4 1
106 18
116 138
137 117
197 63
81 113
137 100
2 68
146 199
195 74
190 110
7 117
100 165
145 193
7 193
4 78
121 89
72 73
145 198
88 199
105 193
112 78
126 143
23 76
149 120
52 69
188 93
0 194
118 140
131 176
150 128
75 10
136 179
51 184
122 65
71 135
52 95
157 11
134 24
3 126
46 1
111 8
57 7
56 42
125 75
102 10
136 13
183 1
147 32
4 193
99 156
121 90
78 45
41 23
36 139
27 88
65 11
72 185
17 151
17 118
27 180
195 185
106 193
112 8
59 97
109 39
23 161
149 28
53 32
167 191
30 64
85 112
154 19
195 140
141 93
15 120
183 119
98 162
51 44
50 190
144 2
162 177
134 197
131 11
31 70
152 165
80 198
108 18
98 18
128 10
150 146
90 33
152 6
40 129
166 68
49 177
50 10
111 81
192 78
59 159
51 176
67 172
154 29
72 199
26 176
108 16
50 127
25 148
151 124
57 68
30 151
99 83
134 13
164 122
101 169
78 180
16 89
70 10
80 63
133 89
162 114
7 87
173 87
36 118
168 172
107 161
54 124
14 178
100 68
21 172
134 78
34 183
170 13
86 31
160 177
121 78
0 169
144 142
170 194
123 113
94 44
133 148
95 179
17 189
12 103
195 169
67 126
67 165
179 29
144 133
151 74
141 116
179 92
77 197
183 19
152 171
12 123
15 177
3 62
26 169
111 139
115 24
7 33
139 42
152 122
141 5
135 159
57 0
58 193
3 15
98 23
78 199
131 39
97 117
39 48
144 16
44 48
91 18
34 119
71 102
90 114
111 175
79 182
91 87
90 96
14 10
118 184
4 110
79 31
66 151
153 133
5 156
115 181
14 176
127 96
108 47
155 179
188 114
187 174
3 5
0 119
41 26
98 87
56 129
88 29
147 124
71 116
104 10
36 62
20 105
50 63
72 108
94 199
137 158
151 199
17 93
41 74
4 128
41 91
97 16
22 81
152 21
170 198
195 83
194 42
12 155
40 126
150 103
132 25
182 103
81 130
88 92
134 178
23 10
132 110
53 65
54 110
25 43
132 149
71 26
60 114
16 172
59 124
108 10
188 156
125 16
54 42
57 23
132 62
137 142
122 140
147 167
149 133
0 16
35 143
98 27
185 105
166 77
90 70
157 155
22 64
195 35
50 48
194 63
30 45
170 143
81 32
59 66
46 56
134 9
106 32
160 0
71 90
73 21
127 146
104 140
0 199
141 108
179 189
141 13
176 178
36 94
112 6
26 33
165 10
73 189
28 181
56 139
106 156
79 168
100 197
37 92
192 139
21 32
170 5
162 148
196 173
37 24
136 93
85 180
112 63
146 119
62 133
50 138
26 165
150 133
0 58
26 156
35 89
71 156
186 119
71 0
125 135
131 197
163 10
146 8
184 33
190 119
94 92
79 131
127 110
152 65
122 10
107 28
98 43
71 146
91 180
142 193
86 63
160 178
123 13
61 148
51 19
22 182
24 143
90 32
55 29
145 180
30 102
109 126
30 54
95 81
121 177
179 174
4 162
0 140
49 161
4 183
27 24
17 70
21 161
77 124
141 149
152 75
73 169
155 126
149 184
6 180
83 18
144 65
3 77
62 87
192 149
195 161
3 171
160 92
53 77
134 148
108 83
36 99
170 177
135 47
123 89
52 40
49 199
37 151
20 99
182 1
122 119
171 87
21 138
111 31
80 115
4 175
164 185
0 10
126 124
34 99
121 171
120 198
152 139
152 82
185 96
167 92
150 110
27 178
136 197
7 8
69 63
27 169
133 178
196 56
104 68
98 138
65 191
21 199
171 172
105 48
52 179
126 189
127 76
127 82
195 28
99 116
30 162
91 93
28 172
22 146
131 16
175 167
141 140
73 129
95 159
57 32
102 177
175 138
102 28
4 114
101 198
97 81
132 47
99 19
100 92
24 38
86 81
152 154
55 74
57 193
91 156
41 96
62 158
135 117
53 40
99 126
112 47
141 197
80 182
111 90
126 191
27 47
81 96
7 130
51 13
53 8
150 5
15 19
44 76
185 76
185 154
115 189
73 176
4 39
7 198
4 25
90 47
20 148
127 199
155 101
71 5
72 162
26 93
70 143
55 21
195 139
30 0
6 93
6 89
94 198
118 145
152 148
61 184
7 151
57 180
165 47
50 148
80 1
58 161
36 135
79 148
122 179
41 2
12 13
155 68
182 168
121 81
118 191
79 199
141 110
125 93
31 172
192 106
7 161
195 10
125 189
196 189
30 10
173 93
106 180
99 197
86 38
67 43
175 18
79 56
121 142
40 105
163 119
21 45
60 28
125 92
20 77
60 1
16 156
7 116
123 116
50 147
131 178
101 47
67 91
111 42
13 138
121 28
176 113
73 74
28 29
146 32
100 18
182 10
116 68
56 119
97 1
168 92
64 139
185 174
149 181
5 18
109 69
70 74
58 74
175 19
99 81
5 172
157 190
54 92
173 135
72 15
131 103
108 78
40 88
28 18
165 63
115 10
146 158
90 180
118 65
186 40
27 120
188 87
22 39
121 113
122 11
188 1
144 31
157 193
153 142
157 117
125 167
118 63
104 43
15 8
111 102
151 140
147 74
144 184
134 194
126 158
149 1
36 0
152 143
91 138
104 42
109 155
195 7
134 92
22 2
188 181
88 63
188 18
91 74
164 25
72 181
80 193
131 172
60 146
40 29
85 14
162 179
14 119
168 130
123 11
188 19
54 187
102 93
62 145
85 154
95 11
164 10
54 81
144 183
128 193
103 18
46 193
40 81
51 187
179 11
132 11
155 47
57 31
186 58
27 93
46 146
132 189
98 183
90 140
192 1
20 174
196 0
52 151
149 21
4 156
59 10
134 97
132 82
188 56
136 40
26 21
37 101
166 138
64 13
182 187
37 42
100 19
186 10
37 104
5 8
132 18
136 162
71 181
3 68
46 123
162 103
23 19
64 154
97 161
192 128
22 10
71 82
168 177
164 0
75 11
139 89
131 126
56 103
170 48
57 190
55 11
23 47
57 39
135 82
99 87
53 100
34 135
40 58
141 127
4 197
128 189
75 138
123 88
101 172
147 191
153 112
61 73
145 124
73 68
137 16
75 82
40 158
71 39
80 55
115 172
170 174
62 11
166 0
67 25
67 127
139 156
85 83
27 129
86 133
147 42
6 87
78 29
49 172
102 91
37 176
170 156
152 131
183 172
150 156
9 8
121 103
20 197
51 65
56 199
83 193
107 24
36 184
46 138
57 47
30 155
4 182
112 124
17 155
61 128
146 178
41 167
109 6
28 8
71 33
153 40
67 146
166 180
79 143
109 185
160 81
70 32
157 106
125 94
163 91
6 159
75 193
101 29
192 31
123 96
57 75
101 63
85 88
4 13
31 21
67 187
192 185
25 2
56 181
73 8
50 93
90 74
65 96
136 115
136 138
31 197
197 159
57 97
171 113
98 81
192 23
55 168
194 96
27 172
69 151
3 25
56 113
131 158
51 154
135 189
40 92
132 84
170 25
144 128
192 90
186 146
108 88
5 194
196 199
4 2
46 118
175 129
167 180
83 43
39 82
97 167
192 117
195 92
153 94
30 123
62 187
3 140
52 42
167 189
94 19
98 167
77 171
163 184
115 18
183 65
60 38
125 2
173 130
72 151
102 43
90 18
4 120
77 39
112 38
146 11
60 155
164 177
196 178
72 105
95 45
160 37
79 83
39 148
111 2
195 173
61 54
112 48
171 92
59 118
40 181
197 82
170 8
133 117
30 161
50 31
145 10
34 108
183 87
165 198
107 81
26 105
57 105
137 63
53 48
37 159
166 43
9 10
12 119
118 16
114 96
152 77
61 49
118 193
59 69
137 74
22 173
34 181
52 65
22 120
85 120
195 158
59 37
137 62
59 11
15 168
86 93
41 6
184 10
85 18
112 119
71 42
85 118
154 38
121 0
144 70
135 110
192 159
133 177
5 38
84 171
125 198
164 116
132 8
97 58
111 167
125 138
15 119
121 42
78 18
37 110
196 28
9 105
166 113
136 21
186 6
186 120
170 172
132 194
157 63
125 77
184 110
69 33
53 176
127 87
179 119
166 45
101 193
73 76
101 74
185 197
98 165
195 68
100 184
98 163
173 117
84 191
7 2
22 55
2 130
15 33
104 11
59 24
141 55
162 42
152 189
154 117
190 179
170 54
86 58
28 198
173 181
136 173
61 182
77 126
26 145
173 45
3 184
196 118
116 174
49 74
100 114
37 178
81 110
97 103
136 149
98 82
120 74
97 83
102 129
70 93
114 143
160 142
171 119
51 130
20 146
4 69
85 161
190 70
20 180
142 92
62 165
125 128
136 26
166 176
195 13
185 110
86 106
125 49
54 191
22 69
137 8
184 32
95 13
53 82
167 38
120 177
165 18
153 39
79 193
39 129
57 63
128 151
123 68
41 81
85 29
153 27
164 128
103 180
86 94
162 8
128 126
79 18
108 38
152 128
163 29
28 82
55 82
154 92
188 97
30 163
94 42
134 69
109 139
126 29
85 19
106 78
162 172
197 68
103 92
25 126
164 104
120 48
94 184
150 174
60 158
100 82
107 39
137 179
17 147
142 158
61 168
115 161
160 161
150 179
57 138
34 178
162 198
53 64
100 89
164 159
86 56
86 163
34 105
108 189
98 130
144 103
79 133
152 191
166 75
23 116
79 78
131 159
17 8
137 149
175 139
49 180
49 140
179 19
157 101
107 96
115 169
72 118
50 102
188 169
54 13
20 124
23 179
195 123
144 48
85 197
86 194
141 38
164 27
77 42
5 91
136 16
53 105
112 105
52 7
184 159
122 126
187 158
106 119
79 106
3 48
66 29
77 199
79 108
195 130
137 55
90 145
155 24
85 107
41 151
4 115
121 66
122 47
150 158
121 189
64 117
22 123
36 39
160 155
152 114
152 1
125 31
3 194
134 193
122 139
60 44
23 16
187 38
141 87
85 24
80 100
5 113
80 194
69 171
41 146
152 42
7 179
116 45
105 113
61 118
41 21
188 116
67 68
133 189
184 177
52 70
31 146
100 10
23 29
26 193
50 32
151 129
196 103
186 198
60 91
109 23
144 47
56 13
31 104
36 93
183 63
136 181
90 187
3 116
57 118
187 124
0 96
144 64
152 149
128 38
49 189
152 92
5 58
185 129
103 193
20 158
144 155
0 191
56 1
51 43
23 180
95 39
60 138
122 168
94 21
120 124
182 113
194 138
56 45
34 14
141 128
182 133
69 87
71 56
134 103
22 172
153 16
152 93
15 70
27 68
151 38
81 177
84 156
62 92
90 92
59 7
5 76
20 82
41 126
123 165
37 82
94 93
67 140
28 161
30 77
197 87
97 133
160 74
137 171
95 158
53 104
73 91
20 102
53 179
154 193
94 179
86 42
79 169
59 129
197 158
25 187
65 43
134 130
46 114
85 93
186 1
37 124
59 90
81 10
36 124
71 74
12 145
7 197
157 159
2 158
9 82
85 198
121 191
186 19
54 93
188 180
106 113
67 135
142 28
9 174
109 138
125 159
23 187
35 82
125 7
12 76
16 119
182 24
3 197
0 159
23 39
150 116
163 174
12 31
164 175
134 108
98 135
115 45
128 105
3 64
67 99
131 87
170 26
37 120
27 74
186 113
154 11
108 129
24 110
86 154
77 158
186 143
95 114
72 37
98 158
35 76
155 74
35 16
61 190
52 84
160 1
17 116
15 198
4 76
67 105
186 126
64 181
144 191
188 102
166 143
160 108
170 65
192 63
106 92
34 39
78 148
73 194
118 104
17 158
122 104
52 142
79 8
30 165
162 126
67 95
3 167
2 159
86 8
106 105
46 178
109 5
142 10
22 70
37 168
186 184
44 124
34 13
22 99
34 94
35 44
69 58
60 95
163 92
147 143
150 122
109 27
122 33
50 45
122 8
51 139
109 2
141 180
103 130
31 151
115 139
153 31
97 96
108 138
13 172
86 88
153 182
14 2
64 91
72 191
192 18
5 133
163 171
79 122
103 74
30 93
127 89
34 190
80 54
160 40
112 110
196 69
77 148
131 82
183 91
27 42
41 129
73 1
85 26
146 113
37 18
136 77
83 169
122 87
35 65
72 16
67 21
91 143
66 10
99 177
132 159
85 42
160 68
4 55
151 191
52 92
61 14
160 6
149 63
182 96
166 159
34 169
71 27
107 199
86 112
196 31
46 179
59 92
62 65
67 182
188 178
157 48
185 193
72 0
132 155
44 11
20 114
71 73
12 35
152 173
36 88
17 77
26 6
57 48
35 130
2 180
52 154
31 178
163 39
44 68
4 14
175 96
86 84
4 89
85 194
167 68
26 104
125 105
59 155
51 64
80 151
184 130
52 108
5 191
100 33
54 184
31 33
160 65
168 47
88 110
182 19
75 93
127 187
17 56
67 97
195 42
196 70
90 68
186 197
147 110
31 6
123 6
123 197
188 120
121 74
170 28
157 96
152 73
164 28
61 18
163 81
132 63
3 99
71 23
109 1
44 43
85 171
41 189
121 165
188 138
22 190
78 19
41 82
195 37
21 96
109 146
131 177
79 7
22 107
14 197
27 114
115 119
90 2
97 191
115 197
34 197
170 146
80 138
39 10
5 130
61 158
90 117
4 97
136 131
97 43
34 9
144 14
167 169
141 183
86 130
195 24
186 128
168 113
71 183
144 197
123 168
60 123
2 96
133 129
107 178
17 182
72 6
3 124
121 155
85 7
160 194
59 143
125 113
50 184
9 11
54 16
3 65
160 75
36 182
164 135
128 130
166 9
183 161
111 78
66 32
192 35
20 172
72 189
69 148
44 18
118 81
186 15
146 143
182 181
188 140
84 8
24 156
51 48
34 19
145 38
36 90
170 110
55 33
30 193
125 84
12 161
141 174
103 33
128 176
118 43
54 199
166 171
187 191
150 199
72 54
164 62
41 5
22 15
88 130
55 47
36 146
111 5
100 191
91 76
163 159
52 18
118 154
67 143
36 11
78 8
62 78
109 178
197 169
144 129
3 100
4 145
52 140
175 89
31 189
183 156
147 197
195 100
103 113
186 177
4 11
46 172
34 194
7 135
4 159
102 89
108 91
31 105
79 123
109 191
58 159
60 48
27 113
51 193
132 58
3 103
196 39
175 45
85 183
71 7
136 184
13 148
77 92
106 143
9 198
90 199
153 123
56 24
17 142
62 146
12 93
134 49
34 77
106 172
105 10
142 184
90 116
149 189
52 149
53 162
164 162
194 129
16 130
118 130
50 62
50 15
27 179
147 43
164 140
114 129
136 163
37 114
123 154
54 19
12 91
111 190
132 14
9 178
95 146
126 180
136 9
195 26
40 74
80 165
59 182
36 145
55 165
31 117
84 165
51 127
144 193
86 123
185 29
185 135
35 45
35 6
188 161
196 155
132 97
26 172
162 168
157 199
95 1
165 82
170 58
80 45
182 110
127 74
160 139
59 48
17 91
30 106
152 35
3 73
192 29
85 162
53 119
153 131
121 55
90 44
16 33
132 154
147 11
9 172
164 176
100 13
64 148
149 74
137 9
134 179
17 113
6 18
164 84
131 130
31 92
9 119
147 126
30 182
147 16
80 15
126 63
94 29
118 93
188 176
55 101
163 148
84 10
90 165
52 107
86 100
57 106
51 14
61 70
109 90
17 10
5 120
60 139
3 42
121 26
164 90
136 45
41 162
67 168
121 183
128 114
69 117
62 44
108 81
24 191
133 32
144 89
136 91
153 162
86 7
34 6
99 92
20 32
34 24
145 159
196 184
15 145
171 193
190 143
175 193
9 140
86 33
57 74
170 14
183 42
137 68
44 117
109 194
98 6
62 13
176 129
109 83
125 176
183 146
176 198
57 165
22 161
71 8
179 199
183 83
102 45
0 33
135 161
21 10
17 179
152 155
195 183
26 16
168 38
102 19
41 103
15 179
52 97
37 165
150 175
56 180
67 11
173 184
57 96
24 193
98 0
30 18
37 199
106 135
51 23
28 138
168 110
164 171
99 48
4 187
197 96
114 87
144 88
26 148
126 169
194 180
3 63
170 76
69 48
98 149
9 21
54 138
46 145
35 161
53 66
134 119
0 104
142 145
37 65
182 38
192 143
22 48
79 197
25 39
3 115
69 177
0 18
101 68
115 199
157 28
62 18
155 135
46 139
192 43
185 113
162 129
34 32
141 172
22 117
195 39
192 163
75 184
15 16
36 14
12 55
72 155
112 101
121 24
86 122
37 87
170 87
1 130
57 119
125 39
94 10
127 158
142 187
194 191
86 193
141 10
69 18
16 8
188 115
66 45
51 120
163 178
41 7
25 16
115 42
135 119
121 167
139 198
27 89
164 44
46 88
26 174
52 138
62 140
160 198
34 113
153 11
61 25
9 176
75 1
196 113
134 163
77 63
192 94
147 48
115 74
50 146
56 92
170 189
66 70
41 140
192 184
56 126
137 163
72 21
111 158
160 38
144 81
61 193
20 191
141 95
170 43
40 78
27 187
141 16
16 113
128 49
59 104
192 7
149 197
120 18
170 187
72 5
111 182
112 148
64 174
41 18
142 29
136 102
107 143
137 1
66 96
145 82
132 42
99 96
141 163
49 89
3 16
40 168
25 92
111 127
185 101
54 8
134 5
121 97
144 8
170 66
0 1
142 168
94 194
12 172
147 113
70 92
79 6
155 176
50 122
98 180
78 198
52 175
4 88
184 161
160 82
195 146
13 96
145 43
98 19
136 167
149 103
72 28
145 161
131 165
2 89
144 126
134 89
115 93
1 189
5 49
83 63
147 18
61 90
4 0
78 172
60 26
60 15
41 24
99 44
23 81
39 92
59 95
50 112
188 78
112 93
150 142
56 197
118 124
106 89
151 161
39 140
15 176
26 178
6 148
163 101
123 179
46 92
141 107
175 82
85 55
128 11
188 37
108 124
61 9
112 33
195 31
114 45
146 48
86 135
25 167
86 87
154 172
115 104
123 43
88 189
137 112
52 14
59 163
71 64
98 84
34 27
46 18
142 2
27 49
125 90
77 48
157 5
164 42
41 169
186 199
61 189
186 48
28 193
141 158
27 139
69 83
57 5
114 63
135 181
57 64
30 78
73 65
141 63
106 129
95 171
1 42
22 118
125 182
108 8
54 18
183 187
105 18
144 182
36 32
80 131
27 96
125 24
95 43
95 198
98 156
118 198
90 82
152 174
188 158
165 199
108 39
146 19
95 178
36 64
185 172
164 69
162 143
101 92
35 48
75 199
85 76
195 29
127 6
166 149
51 162
72 99
64 105
163 16
168 43
17 171
136 99
28 174
72 179
20 94
173 81
111 126
17 115
175 194
78 129
120 43
157 133
70 189
35 140
9 42
84 78
153 114
64 159
166 84
99 174
131 81
141 169
94 65
50 28
105 119
60 35
35 119
175 133
163 176
99 139
84 197
196 92
44 42
94 156
40 33
147 119
162 65
152 130
153 183
144 15
125 37
71 77
151 29
173 70
35 167
57 171
28 87
39 110
55 171
106 29
186 178
196 169
41 191
20 151
26 39
179 96
173 197
13 38
122 63
99 2
107 104
73 197
3 120
141 82
122 169
187 189
22 114
6 42
86 187
9 44
125 112
56 104
67 18
99 18
184 63
39 119
75 180
137 33
5 184
121 159
50 23
50 130
144 27
52 113
157 58
150 23
71 168
6 47
114 32
121 40
72 96
125 108
107 82
164 103
95 191
37 146
144 158
118 187
98 14
97 178
179 18
141 0
88 198
195 179
20 133
173 194
170 90
22 165
75 91
173 178
128 140
115 11
95 8
64 194
149 138
81 93
71 101
192 21
144 101
22 163
34 154
3 37
41 176
12 147
6 19
59 149
139 29
108 42
54 44
195 77
12 189
13 178
59 162
122 174
125 87
103 43
6 172
30 28
196 29
157 172
194 48
50 171
121 130
132 151
179 180
152 102
150 40
41 13
17 146
25 28
132 161
108 68
194 143
28 63
192 19
69 154
13 181
123 49
188 147
0 13
40 70
192 198
73 151
73 119
186 44
121 23
137 155
6 130
80 140
153 116
3 131
21 178
51 28
31 81
94 172
90 39
123 28
108 167
40 43
121 16
192 84
157 151
50 65
62 139
132 6
97 104
37 154
192 49
112 158
111 116
30 115
58 117
98 97
60 19
105 191
173 83
125 89
170 159
23 44
14 161
50 66
150 64
99 133
184 119
62 126
3 81
137 45
128 6
41 47
4 26
75 43
20 193
100 140
147 130
80 7
27 81
46 167
152 38
118 48
144 99
115 178
152 33
53 42
145 48
95 130
9 146
90 135
52 1
36 35
126 177
128 24
4 168
35 180
53 13
0 21
155 181
88 119
25 159
22 40
186 179
176 180
50 177
77 130
154 33
170 95
1 63
128 28
79 171
152 100
128 89
185 83
27 117
46 45
151 76
184 19
114 198
195 11
60 43
188 31
98 91
111 47
12 24
109 129
73 87
9 184
144 177
55 28
22 6
186 13
97 13
28 45
85 13
186 187
36 163
59 128
151 138
66 13
153 81
125 1
187 74
147 6
188 131
170 44
171 29
111 169
182 88
34 25
30 199
195 116
95 88
49 11
77 11
196 91
106 48
1 143
190 91
195 5
100 139
152 162
66 81
195 25
160 156
168 89
150 56
142 176
137 145
182 176
84 116
51 1
88 117
86 143
125 35
144 74
17 75
116 124
22 1
104 110
41 148
57 94
51 21
34 40
102 76
15 65
71 172
150 32
188 146
192 0
71 167
146 93
40 139
116 43
22 95
112 126
139 82
109 18
190 24
58 181
197 18
194 43
31 158
75 58
34 45
134 21
52 93
102 39
78 92
55 76
182 11
66 44
57 181
41 76
109 167
62 42
25 116
80 103
99 171
132 73
46 99
25 165
60 78
55 88
4 7
30 38
41 113
166 82
41 44
60 165
142 130
118 148
20 106
1 172
135 191
80 116
127 180
77 81
151 156
136 90
123 83
173 58
111 66
37 38
75 49
192 118
81 68
22 82
81 159
99 165
149 96
52 74
183 24
111 84
64 16
75 191
41 147
197 172
173 110
34 177
125 18
98 38
80 26
35 187
134 38
127 58
5 187
153 42
60 66
67 29
26 38
109 94
9 96
36 115
107 87
137 123
86 117
145 129
122 19
167 43
14 74
3 95
3 29
30 6
146 89
146 43
64 78
122 101
196 126
35 126
160 191
20 101
141 101
100 96
116 159
88 191
7 74
182 18
86 184
26 114
175 44
66 139
147 181
188 145
6 74
52 110
164 138
37 184
125 0
109 33
66 193
51 189
131 161
108 82
73 139
127 29
9 76
195 21
61 117
109 110
112 42
79 92
61 58
34 47
59 138
51 175
106 10
51 39
67 154
155 87
136 65
4 66
22 43
125 88
128 194
195 148
186 64
61 167
111 197
150 24
17 127
79 16
17 45
57 76
123 44
46 95
171 189
12 126
111 6
52 184
126 172
88 10
57 102
67 119
144 176
136 118
5 146
60 159
6 48
40 197
34 64
95 145
78 119
57 184
67 63
150 172
98 179
57 172
166 199
97 78
153 19
185 16
58 82
72 29
41 69
109 70
77 133
54 21
25 104
34 176
98 73
186 38
62 47
22 21
95 58
40 103
136 35
112 133
94 101
103 148
151 82
40 68
134 190
102 70
190 105
91 178
186 147
125 158
139 19
91 8
54 179
160 33
165 143
157 130
150 28
170 148
99 10
23 21
55 18
164 73
136 101
62 197
102 191
100 44
107 140
54 96
72 140
66 145
136 133
164 95
103 177
41 149
150 13
188 189
190 177
66 65
145 158
196 174
54 181
100 161
190 92
186 0
64 43
77 193
49 158
164 124
79 177
162 171
108 180
51 149
79 142
20 118
46 49
52 101
86 16
90 43
73 104
163 42
61 87
28 74
50 172
55 32
59 101
121 126
149 156
37 68
72 194
61 172
51 138
153 15
86 29
36 76
69 76
0 32
98 32
190 168
86 126
114 130
17 95
20 117
128 159
125 64
160 127
106 45
166 174
37 2
15 140
190 197
160 5
141 19
132 135
71 87
79 120
53 76
107 148
86 173
60 96
150 129
20 128
81 178
151 119
6 199
150 18
25 129
75 16
187 11
94 32
137 58
61 75
46 185
137 28
175 83
52 13
134 147
184 189
141 162
54 197
37 174
51 24
71 161
136 49
157 31
157 37
94 43
66 126
73 105
162 113
105 47
108 76
164 76
142 1
12 110
69 145
170 108
90 38
186 76
75 48
31 181
15 116
122 148
59 191
186 155
192 140
85 115
132 115
147 47
160 126
9 143
195 55
20 6
101 130
69 89
23 2
22 96
86 148
153 140
35 11
122 158
144 138
121 38
69 91
50 131
37 171
108 24
118 39
102 96
125 54
170 93
111 91
185 104
36 197
149 48
126 161
56 154
51 124
26 143
103 117
184 76
173 32
69 158
51 35
36 27
23 88
97 88
125 43
196 40
25 58
66 21
150 33
115 91
195 127
141 167
6 193
26 124
153 115
128 96
7 194
62 135
94 177
79 47
86 185
126 96
2 140
67 117
0 103
168 117
163 113
39 45
126 193
188 182
36 122
157 16
100 126
9 48
5 105
85 65
50 92
100 110
34 187
137 128
44 10
126 110
188 100
55 91
141 64
91 10
41 28
6 113
190 74
79 115
3 76
108 28
84 126
101 113
21 76
144 187
157 62
142 58
106 91
115 83
139 140
85 176
67 40
71 38
100 198
163 49
79 138
54 24
53 158
26 116
192 171
59 108
75 88
59 180
81 87
85 156
95 65
144 148
104 178
185 8
61 183
144 120
51 37
94 68
28 76
176 199
83 199
164 87
142 6
188 83
72 171
53 23
142 24
163 126
118 180
72 66
80 143
5 138
58 110
171 10
194 161
127 19
164 102
4 21
21 129
132 103
149 82
185 63
157 122
25 6
50 38
34 148
136 176
155 158
75 116
108 19
101 33
69 159
60 73
65 129
53 120
90 154
170 149
157 142
126 47
136 84
41 117
20 199
61 10
75 89
4 154
99 148
188 0
125 199
17 74
157 9
120 96
23 11
183 176
70 140
107 159
173 129
134 105
34 145
152 11
100 78
3 161
175 110
7 13
14 129
66 88
59 25
152 106
98 148
27 146
99 49
80 155
62 171
108 1
80 122
114 89
187 87
122 91
14 165
14 169
0 70
25 146
100 159
51 114
196 185
133 143
73 179
69 129
157 38
97 135
175 199
187 48
153 89
195 177
132 33
104 113
51 83
194 198
185 194
61 15
52 37
52 76
86 77
160 104
4 105
86 127
164 92
77 120
80 95
116 113
173 16
115 29
17 39
35 151
24 48
120 193
15 193
27 45
141 151
182 165
196 42
104 172
31 96
61 93
79 75
85 74
57 130
163 104
183 178
127 16
122 198
105 19
34 115
179 45
9 74
1 38
57 110
23 158
160 94
12 101
155 21
22 105
151 174
71 127
173 138
111 105
187 92
145 42
3 114
171 156
30 97
30 130
7 19
14 138
67 81
108 159
95 174
80 47
116 110
69 176
153 45
57 174
121 43
75 63
155 194
107 38
167 74
60 49
188 172
7 24
150 104
120 169
17 175
79 33
196 66
171 76
2 124
111 135
98 13
4 83
144 84
144 100
53 154
60 128
49 8
166 177
52 106
163 133
176 19
105 174
157 108
149 93
147 70
192 83
141 191
183 101
13 82
20 68
99 29
60 14
115 16
54 103
109 74
116 193
141 112
30 187
115 92
98 16
153 70
80 88
152 56
139 110
34 149
187 148
95 29
40 140
185 44
72 43
60 119
27 104
195 163
77 145
91 47
80 181
20 24
27 171
108 135
84 161
24 10
121 8
192 6
150 165
71 118
46 21
109 143
4 35
95 101
58 8
36 138
54 113
85 33
15 194
30 29
131 96
107 151
111 162
53 56
153 185
131 2
28 119
4 87
167 47
149 65
62 117
52 44
144 198
127 135
196 6
5 124
144 199
79 112
71 104
12 33
136 43
192 55
114 193
50 87
196 162
99 193
109 119
7 189
72 8
114 19
0 76
83 113
36 128
79 90
121 131
58 18
40 145
41 155
121 99
77 2
152 176
121 15
170 184
34 102
9 39
100 117
55 194
116 42
27 82
58 45
109 87
56 88
98 176
123 198
36 110
37 45
15 82
61 24
52 131
157 128
99 187
51 171
195 0
154 174
24 169
14 49
152 45
59 49
188 21
166 90
30 33
28 110
56 44
0 135
80 114
67 44
127 83
53 75
51 102
157 47
34 130
135 33
188 15
157 92
136 64
78 181
23 181
144 154
57 135
164 119
12 176
1 8
66 24
155 113
136 19
109 148
40 178
141 122
157 197
115 89
4 138
84 70
95 165
22 91
107 194
79 102
153 169
160 173
73 96
61 107
94 47
80 69
136 87
118 18
30 128
21 117
39 89
126 38
34 87
4 77
118 146
53 149
9 93
118 89
86 149
69 146
186 83
118 82
71 120
164 106
20 143
134 65
168 48
61 131
12 26
171 124
164 180
46 115
16 189
103 47
88 148
111 24
14 110
109 159
60 62
149 165
22 93
46 102
86 0
23 143
99 154
15 161
1 161
53 112
51 104
13 47
31 65
46 76
86 44
132 190
192 92
186 101
196 18
196 68
111 119
111 76
57 13
98 116
104 45
26 88
69 16
51 179
146 68
190 198
157 100
75 178
142 198
144 13
80 9
66 143
4 68
197 38
0 181
40 171
6 143
112 88
83 119
62 198
163 120
4 116
30 124
152 64
118 1
166 97
187 110
94 148
27 174
151 158
85 139
144 167
112 171
160 197
27 194
71 18
67 178
188 66
196 163
22 124
128 148
72 122
9 88
14 179
175 130
166 114
40 63
114 159
41 33
86 107
134 175
98 39
21 42
133 174
73 172
80 99
85 99
31 156
105 42
0 114
41 161
34 29
79 28
186 156
166 89
188 9
80 146
99 82
108 110
3 112
28 38
41 181
149 29
37 148
146 87
103 143
55 38
54 91
137 35
188 25
175 179
60 185
122 177
142 32
165 178
40 13
97 169
131 199
35 193
46 97
122 117
41 77
97 130
196 44
59 190
182 65
186 14
2 169
127 172
27 92
128 81
1 148
81 138
127 191
127 171
116 63
163 82
121 83
139 191
188 39
2 143
69 10
1 181
109 112
57 77
145 33
137 178
23 148
36 100
107 116
145 138
64 32
185 45
83 198
162 194
120 156
194 199
44 156
147 8
185 24
80 82
34 16
30 198
65 189
67 151
27 63
170 78
188 124
72 91
6 189
185 158
41 107
97 10
53 171
85 131
97 177
9 177
153 62
123 199
30 180
163 47
188 173
41 156
192 97
106 126
39 8
106 194
51 143
121 69
164 11
56 110
4 16
127 184
137 161
120 199
94 103
190 13
102 83
195 94
57 65
26 11
58 11
107 119
37 189
153 178
152 14
153 96
22 138
154 87
60 93
155 81
176 8
5 171
118 2
102 143
13 74
137 126
182 119
46 101
62 21
61 119
126 92
79 181
152 151
97 114
144 190
35 120
26 198
83 191
85 182
196 115
59 184
160 47
153 177
155 178
36 25
70 76
157 14
85 62
103 178
179 198
30 55
31 116
153 78
53 73
162 116
31 168
115 126
196 127
135 178
139 161
49 156
58 180
67 147
26 68
34 120
126 198
179 143
109 82
39 159
105 148
20 198
122 42
170 84
41 178
136 1
183 47
142 197
127 103
162 165
146 181
184 193
5 159
50 7
79 104
141 119
72 131
83 124
150 73
188 68
59 168
27 156
17 129
114 42
35 101
109 43
146 193
144 107
17 177
1 193
77 74
91 68
173 33
61 163
152 74
196 16
131 151
22 199
56 159
57 145
60 172
53 140
61 159
91 82
137 96
36 95
50 107
73 103
5 70
136 185
167 148
111 9
186 176
111 113
3 177
34 162
51 185
147 45
118 135
136 191
126 68
30 58
192 120
187 76
175 8
121 181
160 113
150 31
69 49
65 92
118 177
112 193
20 9
35 43
132 138
157 8
185 81
147 29
65 76
84 63
57 167
85 21
111 115
17 97
195 147
106 198
118 120
185 171
142 89
118 179
118 76
41 40
107 138
164 145
79 119
122 199
86 82
36 49
131 32
44 45
99 101
80 197
60 171
184 174
115 2
52 182
123 135
173 65
121 76
94 176
17 143
86 23
111 23
97 91
95 116
65 193
79 149
108 198
152 190
49 32
160 21
127 140
128 187
37 113
67 56
187 180
162 124
165 138
112 68
137 174
88 19
13 177
72 167
137 42
77 18
53 87
16 43
131 174
155 96
182 8
125 63
69 174
59 81
69 120
155 78
58 143
106 139
50 100
24 189
111 92
184 138
115 148
157 75
104 63
190 16
175 32
196 9
188 96
99 198
50 96
22 45
197 32
164 23
66 154
166 128
188 48
71 197
173 146
50 175
72 169
51 194
66 43
101 191
12 89
84 178
125 163
6 11
64 39
98 175
31 110
131 117
75 151
100 156
39 174
195 155
134 182
36 151
60 87
134 120
167 42
60 21
112 135
127 159
12 159
55 181
147 129
41 105
23 45
186 123
111 106
182 191
56 140
186 105
53 92
15 184
131 193
71 35
86 70
81 158
90 29
91 158
34 100
53 177
60 10
12 115
69 29
28 33
85 58
149 105
166 133
105 82
57 38
14 96
111 199
122 1
112 187
131 43
36 140
132 31
56 74
190 154
62 89
98 161
167 110
17 76
146 189
112 96
12 83
2 11
144 127
55 24
67 5
163 33
152 104
150 62
85 49
171 199
123 193
98 63
14 47
20 116
22 162
137 102
137 54
188 193
170 92
106 124
67 78
145 18
4 27
56 87
160 169
46 31
55 179
24 161
168 181
111 44
34 63
194 113
123 63
12 94
71 37
102 172
136 10
77 105
65 48
155 130
184 143
163 68
4 119
36 133
13 110
72 82
190 181
64 146
51 135
77 83
147 177
197 181
100 135
70 198
57 70
98 89
186 106
144 194
188 167
20 178
22 185
3 70
88 161
65 110
94 139
168 198
69 169
137 151
196 106
12 66
170 35
26 28
60 74
77 139
40 18
175 103
7 68
80 92
57 29
136 168
72 9
12 15
136 73
73 16
167 10
52 63
71 105
136 146
186 84
125 149
25 24
12 112
163 140
109 107
164 120
107 89
13 193
160 184
152 99
72 10
109 147
54 171
175 187
34 163
106 87
81 191
44 180
34 26
14 104
134 88
136 128
127 189
57 40
109 63
185 176
139 130
136 113
194 45
151 32
186 149
20 37
67 84
71 63
170 117
41 11
190 83
50 135
163 65
166 145
80 106
22 156
97 139
85 140
7 167
132 106
71 175
69 19
167 119
150 21
100 38
166 118
56 138
121 25
120 180
14 117
61 165
118 119
60 199
60 179
60 178
31 124
85 173
150 8
173 179
4 56
123 78
20 73
154 96
85 38
150 113
5 139
66 176
121 47
86 138
17 24
166 63
64 87
4 184
9 1
126 43
135 92
64 1
125 127
4 92
192 38
152 84
137 127
28 43
153 176
155 156
51 26
94 18
36 194
162 167
73 28
58 156
83 177
3 142
183 154
85 199
170 113
155 174
136 11
122 159
3 155
80 62
79 96
153 90
53 31
101 181
97 11
160 174
99 114
146 169
57 128
56 18
5 83
125 19
30 149
152 179
134 173
170 100
136 15
30 73
24 43
98 94
160 64
134 95
183 194
102 104
67 171
164 5
61 38
125 27
20 18
160 87
192 10
15 42
12 114
37 177
153 73
163 197
132 165
122 145
0 133
186 100
98 155
160 11
75 68
146 117
175 68
144 54
53 19
98 102
26 140
79 162
25 124
20 45
104 159
54 180
50 158
147 148
107 113
16 11
22 68
72 45
164 64
79 84
152 32
49 93
1 158
50 35
86 177
79 81
127 130
132 69
157 76
53 182
71 88
182 47
44 189
100 70
173 167
5 168
168 143
66 8
170 122
109 115
152 70
164 1
152 108
1 89
90 110
31 44
109 117
72 83
3 23
57 66
78 74
14 177
134 191
25 151
41 93
111 74
3 9
121 154
160 7
52 8
6 140
64 120
114 29
72 183
51 101
109 187
118 42
166 76
118 197
144 25
98 172
79 155
52 127
152 31
27 28
111 128
121 31
46 82
30 63
20 0
67 116
26 113
163 189
53 35
49 129
77 174
4 95
166 112
152 193
139 143
98 107
141 198
137 94
166 39
186 68
101 158
71 108
97 48
165 129
57 163
106 28
153 128
115 19
17 199
59 146
122 49
31 28
86 171
111 1
182 105
98 25
162 49
7 104
190 151
35 189
20 140
133 19
150 75
36 175
17 145
132 78
17 23
15 187
188 28
31 39
135 32
137 24
109 68
71 70
173 159
121 13
50 14
95 6
120 161
85 56
154 189
3 199
4 63
197 143
126 159
131 171
79 126
86 155
44 119
137 140
122 180
16 158
52 126
196 100
134 70
134 76
192 101
46 116
196 156
166 35
60 193
36 15
73 148
0 172
22 116
153 63
90 11
123 171
9 194
186 172
111 156
62 143
120 113
106 70
73 70
103 156
132 185
184 172
118 172
102 105
173 21
30 56
0 81
37 179
5 93
73 45
131 189
141 7
36 112
78 93
97 145
149 114
27 193
164 31
70 159
12 127
51 106
64 96
15 167
150 39
192 64
122 172
183 143
108 146
153 155
99 191
183 151
61 133
9 139
104 156
3 43
98 190
111 174
190 165
84 110
147 28
35 145
155 105
182 101
77 198
72 42
80 73
55 154
9 116
108 145
72 93
86 129
186 89
126 8
56 39
22 65
90 78
44 177
72 32
136 39
77 194
97 82
166 28
173 113
13 156
64 82
120 82
196 167
46 120
136 175
147 103
84 181
142 120
80 16
194 8
21 189
175 93
59 169
85 82
6 92
149 2
153 83
132 140
118 143
3 182
72 133
12 162
133 158
90 179
171 198
166 107
190 135
67 27
194 68
150 169
80 156
79 40
37 181
90 126
168 193
79 185
184 140
175 189
59 107
196 88
80 19
94 38
0 145
59 99
152 105
31 10
122 45
118 58
164 129
164 139
64 165
57 25
53 159
34 62
100 158
132 129
17 112
21 169
173 43
36 190
60 88
157 25
83 189
111 165
95 143
26 158
22 23
144 174
84 103
59 26
150 6
151 10
73 58
36 42
30 66
46 117
5 169
170 99
86 113
46 44
26 133
59 42
0 49
67 23
107 176
109 96
64 19
85 81
134 77
144 151
192 156
104 199
101 18
141 14
126 11
94 168
35 146
3 106
6 129
116 96
166 129
84 117
183 82
186 117
73 88
97 199
31 8
35 24
142 78
141 165
15 2
72 1
50 162
9 104
185 6
141 47
136 194
192 77
146 92
111 40
55 6
50 95
26 135
59 55
137 182
142 114
152 142
59 43
196 58
23 168
121 107
58 68
60 169
50 168
142 110
2 18
83 8
88 158
134 117
141 148
147 88
22 100
66 138
22 29
141 173
190 169
132 54
115 193
134 174
17 84
182 193
197 11
66 179
194 172
195 63
40 177
4 133
90 176
56 169
62 32
149 38
188 183
183 74
186 107
163 87
51 40
24 158
69 181
91 169
154 158
137 90
136 190
6 32
188 113
54 135
131 139
121 149
167 82
168 180
83 172
46 119
118 105
66 178
28 177
59 147
53 113
4 185
73 89
111 172
30 135
46 33
102 176
195 89
61 26
112 65
123 29
102 169
167 29
160 49
20 44
170 81
77 13
102 92
46 10
57 56
20 28
0 180
79 76
81 180
36 172
73 193
7 83
150 120
99 39
195 120
109 151
186 27
79 88
163 13
1 11
62 28
167 87
34 127
107 158
73 126
69 180
14 140
125 10
115 133
31 113
54 130
155 145
168 199
41 38
170 176
125 117
80 29
26 63
134 18
179 42
55 78
173 187
188 163
188 151
133 110
77 172
125 184
136 88
141 15
128 179
150 19
35 154
141 184
146 74
132 148
179 48
170 133
12 43
20 93
188 90
73 133
7 48
50 176
102 24
142 74
34 90
97 47
147 76
34 10
190 78
37 191
179 33
118 10
80 158
65 113
137 88
88 8
166 11
49 76
115 117
90 184
86 190
13 191
4 176
54 47
59 45
137 175
85 92
188 101
7 145
90 113
4 124
162 110
67 35
71 24
79 64
141 133
166 69
86 118
85 185
86 102
80 135
25 10
52 183
28 89
127 24
57 143
137 116
27 10
22 24
86 27
35 168
31 1
115 135
61 91
35 42
57 62
27 177
12 158
188 108
3 90
46 83
98 5
50 16
17 197
144 82
77 28
46 122
40 119
55 161
173 92
64 45
192 114
195 15
53 26
70 87
121 127
22 7
190 117
46 140
83 93
166 119
75 96
84 159
62 199
36 105
52 118
126 113
46 29
188 191
168 19
50 75
61 115
134 6
22 106
157 24
109 8
153 6
175 113
9 65
98 104
182 29
186 168
73 101
61 89
73 82
5 78
4 104
36 155
51 2
190 93
36 82
0 158
44 32
3 110
134 189
95 193
100 104
59 5
73 158
151 117
53 78
150 101
0 110
94 49
67 69
2 113
145 110
12 107
132 10
152 39
73 178
142 88
4 113
35 148
126 181
166 42
72 38
60 101
24 8
196 1
54 189
53 54
106 168
98 75
171 178
121 9
30 190
137 5
64 70
41 154
56 101
27 38
186 23
51 47
186 171
30 75
98 113
9 78
132 116
111 146
153 103
35 18
72 49
85 167
12 68
15 101
44 143
12 146
0 120
176 174
1 68
147 184
134 187
146 130
150 90
173 11
20 83
58 48
99 32
149 113
84 151
125 174
3 135
55 83
1 87
144 113
128 156
61 178
118 117
41 115
37 83
16 92
109 31
17 42
2 74
104 74
141 48
185 114
12 149
164 9
95 156
62 154
164 63
123 82
109 114
107 124
183 43
55 63
141 171
168 161
60 131
196 24
163 156
44 198
57 84
182 138
15 181
56 151
80 70
69 43
13 89
54 88
165 68
144 181
67 82
125 197
17 123
24 96
111 185
75 70
46 0
132 113
164 183
61 124
112 82
125 180
197 33
79 93
69 126
141 8
59 39
97 143
121 115
144 104
53 103
30 7
6 76
41 64
90 124
186 66
20 169
55 19
30 40
36 6
34 88
35 58
86 37
20 47
186 102
60 104
49 119
137 66
166 74
195 110
71 117
108 21
79 176
95 47
56 130
54 70
39 181
62 180
106 96
164 99
144 178
71 54
166 163
23 139
144 124
30 83
137 143
101 45
131 101
160 179
109 65
136 27
188 117
195 138
12 10
49 110
70 181
128 2
108 33
70 38
36 87
61 64
66 199
157 163
61 175
196 73
144 58
78 89
186 92
0 38
6 124
160 31
17 163
66 68
41 172
70 19
25 156
3 127
12 69
100 83
36 56
44 38
30 65
49 19
98 55
111 58
115 110
173 68
114 76
4 32
91 113
61 5
14 32
91 92
141 99
149 171
164 14
41 39
147 176
115 174
46 74
112 138
58 38
194 177
165 140
100 169
1 10
134 156
67 65
123 2
134 45
109 168
133 180
72 165
151 110
109 176
34 96
142 101
121 1
154 63
39 189
102 6
162 47
157 147
136 18
196 81
152 90
98 142
122 113
136 8
64 161
46 162
157 149
132 118
145 130
4 178
190 174
97 49
195 171
176 138
149 11
4 37
41 1
49 174
176 158
5 11
15 117
39 96
77 116
65 148
7 114
55 93
111 43
62 189
61 27
120 148
91 191
39 180
14 48
136 105
102 145
160 143
73 2
20 56
46 130
157 138
37 44
79 32
197 19
173 78
195 104
190 187
195 87
58 42
121 184
27 165
81 140
79 74
61 33
106 114
149 49
149 168
62 19
36 63
114 180
136 114
136 68
111 93
53 63
3 31
7 18
118 11
136 100
152 91
67 88
186 182
41 29
142 119
44 191
41 97
109 123
188 74
62 39
109 169
166 106
150 43
121 122
105 178
183 135
53 5
77 129
118 156
109 81
137 154
99 189
164 48
15 199
186 180
186 165
50 40
72 158
98 88
64 126
108 65
17 32
105 138
162 81
88 138
109 106
170 83
170 124
77 45
98 70
144 40
104 47
65 10
170 74
157 19
102 58
5 29
164 193
142 65
141 88
150 29
84 74
112 104
132 49
152 9
55 13
0 39
182 92
34 126
14 33
23 83
35 169
112 2
102 180
4 155
72 77
77 161
185 180
137 119
167 174
127 48
102 184
175 24
46 39
94 124
34 56
150 87
141 135
179 159
166 110
152 54
134 167
60 68
78 96
61 2
173 199
131 167
17 159
195 176
53 115
146 174
196 10
166 27
25 48
3 13
97 189
9 138
179 10
57 100
153 7
121 143
67 58
14 13
105 29
4 73
164 47
44 181
97 129
35 135
59 135
28 11
122 130
55 49
134 140
55 8
135 138
184 18
187 181
95 70
39 74
114 38
22 183
27 158
72 90
88 74
173 124
102 113
85 181
53 135
51 91
56 114
121 75
58 158
15 44
30 138
121 175
52 129
127 167
88 140
52 168
17 69
55 113
94 88
60 149
1 174
34 44
15 154
70 178
116 172
17 128
23 199
175 154
154 161
7 177
125 33
173 8
30 133
7 124
20 38
60 129
142 104
55 158
166 29
4 198
126 76
16 178
112 49
154 10
186 173
132 139
128 76
25 113
105 8
94 91
121 62
188 94
111 28
196 96
13 8
136 56
146 148
167 18
17 48
55 48
122 16
192 103
149 88
196 187
195 64
35 13
121 129
127 43
58 129
34 31
88 89
141 29
55 10
60 145
3 47
26 18
44 129
126 117
59 75
103 138
72 39
17 92
36 78
103 45
90 139
142 45
36 83
133 113
185 199
195 101
136 25
151 96
163 139
137 44
30 1
67 93
52 56
12 178
132 156
3 78
1 198
22 131
188 11
21 29
133 159
95 138
115 1
118 32
17 87
34 70
46 161
61 78
81 181
98 65
20 177
136 66
166 62
100 28
109 197
107 146
22 88
24 63
52 159
30 156
170 55
121 180
163 48
175 197
80 81
97 172
60 58
111 140
95 135
150 107
170 145
50 193
155 18
9 117
183 145
146 180
5 45
100 133
80 147
61 145
46 2
157 177
139 180
100 119
16 124
31 49
41 158
22 168
51 119
71 193
151 47
26 161
50 194
64 140
72 135
25 45
120 129
171 47
144 130
122 193
153 87
3 101
150 102
69 81
72 103
152 181
95 148
107 191
54 126
195 113
24 178
64 171
145 93
86 6
60 198
88 45
4 82
95 33
34 49
14 146
152 147
59 122
46 191
136 147
80 139
125 129
160 100
147 89
7 45
170 45
195 84
59 9
3 38
99 146
109 48
79 11
69 167
12 181
182 177
36 176
14 151
136 70
195 78
16 138
78 110
144 140
30 19
116 8
46 110
69 88
78 113
12 135
194 174
34 114
99 143
57 168
62 76
72 7
54 101
85 69
164 82
70 11
17 83
65 119
71 145
160 91
54 168
50 139
22 167
139 87
67 73
109 7
73 124
173 133
36 74
21 92
149 177
131 138
152 29
121 68
86 142
17 191
147 101
78 189
30 25
34 78
50 2
106 103
107 197
170 16
66 19
3 175
109 116
152 178
176 148
58 19
20 8
122 96
115 180
66 74
60 89
125 68
23 87
157 7
166 6
77 189
153 143
77 156
153 91
104 143
60 107
126 199
173 169
116 161
34 0
5 161
7 29
79 35
112 117
152 10
53 45
151 43
112 1
35 29
111 122
20 163
108 13
60 184
77 146
27 103
153 49
62 119
46 16
25 198
190 21
122 154
59 44
188 42
65 198
90 151
26 87
41 8
123 156
108 49
22 54
52 124
57 73
185 156
112 197
118 24
66 180
147 120
22 177
183 193
132 87
131 38
137 199
132 101
12 64
1 32
61 82
109 101
114 92
137 193
67 0
2 45
36 174
125 100
183 171
144 7
160 172
101 161
162 133
73 165
127 156
30 103
62 172
59 174
115 105
164 38
67 180
27 116
187 29
15 43
149 104
136 95
84 92
15 104
109 154
53 101
192 191
171 140
118 113
71 171
184 158
12 6
164 15
95 28
51 116
183 28
31 82
17 138
182 146
91 43
166 187
108 171
94 145
84 145
128 161
186 175
109 49
128 133
146 161
7 110
85 90
125 25
72 168
155 91
176 87
153 33
125 154
73 135
12 40
195 107
95 126
182 58
137 138
13 129
30 177
144 189
31 130
35 1
194 19
12 65
163 43
60 108
54 6
133 47
85 178
164 75
9 43
134 181
162 156
22 189
127 78
192 173
26 139
128 129
86 75
136 140
14 101
153 10
51 96
31 187
170 96
69 101
122 165
4 177
80 117
162 70
196 32
111 181
132 2
100 148
73 93
39 93
109 28
188 165
52 119
154 93
197 76
54 129
22 83
160 39
162 88
17 130
36 101
36 65
136 148
88 43
51 129
168 32
176 74
185 168
30 2
36 28
22 130
154 180
34 189
31 126
77 191
5 39
80 39
57 178
132 91
195 180
109 93
59 88
26 44
196 37
162 159
1 124
17 94
15 68
52 102
173 101
97 154
136 78
20 142
164 21
121 105
131 181
79 82
49 68
155 169
173 154
182 158
5 199
186 70
192 65
71 139
149 130
115 28
109 13
170 11
50 105
51 97
194 148
57 133
5 21
125 58
27 101
115 143
163 21
122 167
13 113
167 45
121 128
106 74
107 198
37 129
100 2
166 104
155 19
4 143
30 174
131 145
15 113
46 106
197 124
186 145
55 43
15 135
175 105
55 96
132 173
142 159
57 55
85 133
83 76
4 129
21 159
126 89
111 97
167 89
15 126
15 6
46 65
71 162
70 110
134 82
22 31
112 44
40 120
27 33
186 183
54 120
52 180
171 174
150 198
99 93
150 194
73 154
55 197
25 119
56 156
195 124
115 82
23 63
150 162
71 43
136 62
183 38
86 45
62 156
55 172
128 110
142 113
67 106
141 43
139 148
136 142
123 1
41 56
134 155
115 13
94 129
131 65
23 1
86 54
134 149
150 127
3 6
192 66
109 16
188 58
64 135
137 13
2 48
51 56
192 122
17 103
3 24
114 93
12 0
56 32
75 81
142 169
126 174
0 65
125 21
128 197
162 199
134 128
142 87
50 47
185 82
41 183
164 173
190 139
36 107
12 14
163 116
46 23
97 146
107 10
54 114
107 45
55 156
163 103
157 10
84 33
188 91
115 177
4 103
53 193
86 159
188 95
91 172
122 184
75 8
152 2
86 89
0 177
155 140
67 189
17 110
131 91
59 74
186 138
90 174
30 127
3 83
41 130
102 44
53 187
41 100
141 6
192 165
40 176
190 42
150 11
149 58
125 69
26 138
15 159
17 187
185 42
26 48
195 174
7 148
57 90
83 96
163 124
147 174
127 154
116 48
152 40
153 23
34 191
46 183
120 8
51 172
196 101
121 114
65 161
57 1
22 9
27 161
80 42
30 13
67 149
125 73
131 74
171 148
60 182
123 74
188 143
12 185
176 10
170 126
109 104
109 181
166 154
15 87
106 38
51 5
22 56
22 119
77 143
56 172
88 93
78 87
147 93
85 130
3 158
59 65
188 190
71 94
53 16
69 197
7 63
186 11
66 39
190 103
86 74
157 0
50 0
57 37
162 38
118 6
49 42
104 32
168 174
164 16
71 25
133 76
73 81
28 96
176 48
144 91
95 78
139 33
116 32
61 62
183 10
127 2
1 19
72 182
131 49
136 129
64 92
195 99
155 154
53 151
149 116
7 159
150 7
183 113
125 162
153 102
25 158
155 76
121 173
187 96
65 124
46 169
85 158
98 133
71 31
12 140
190 156
106 133
40 113
132 117
195 88
134 99
7 178
78 68
72 18
133 10
72 123
79 113
137 37
64 88
125 91
186 191
127 68
122 161
106 82
37 8
149 47
132 126
163 24
3 179
60 7
107 74
56 187
31 159
50 119
25 38
184 68
149 135
0 47
183 2
95 113
86 32
75 76
147 44
115 87
44 47
80 11
106 177
112 174
25 81
54 145
149 33
9 168
53 174
162 44
59 115
4 146
71 32
39 158
137 135
14 187
183 139
50 24
73 110
67 94
27 197
95 133
123 148
188 89
128 16
52 104
60 63
17 104
60 70
186 33
41 145
144 19
51 45
121 116
39 172
136 151
66 93
104 180
160 163
84 83
70 42
58 191
102 16
155 191
3 138
56 179
121 102
131 120
72 2
1 33
107 76
40 48
122 32
106 179
16 87
71 107
94 110
90 167
46 163
188 55
165 119
160 88
102 78
144 105
54 177
30 14
24 47
12 193
34 180
192 27
17 64
141 91
41 94
9 135
31 13
15 81
134 91
183 114
35 171
4 43
99 168
90 89
4 84
150 95
12 148
171 19
142 180
62 68
100 87
3 74
67 163
55 70
166 146
27 70
141 9
120 119
65 143
139 169
60 187
35 181
132 107
51 31
80 149
104 87
188 38
61 179
109 173
155 167
79 159
50 163
51 68
131 42
12 39
146 140
40 146
36 120
53 89
66 92
153 119
132 5
165 110
46 73
13 32
153 76
72 112
36 31
153 187
24 89
78 178
104 193
13 42
64 178
37 93
152 146
85 191
112 18
196 82
154 130
188 105
153 24
150 177
9 101
44 92
62 124
67 75
123 65
37 105
195 105
70 82
132 114
61 35
46 135
187 117
75 104
132 104
141 131
58 198
183 165
80 28
23 92
51 108
115 158
182 63
71 103
34 139
13 33
27 16
141 40
112 168
71 81
77 117
17 78
0 87
21 143
40 191
46 173
132 37
90 171
80 13
12 129
53 62
98 173
137 146
111 27
7 139
137 23
170 70
39 130
58 172
26 126
149 179
56 167
56 168
108 87
50 165
150 180
13 29
6 119
85 103
94 28
121 35
120 174
22 108
100 189
99 8
121 145
147 198
61 138
50 173
57 16
16 181
120 47
80 76
166 173
56 8
98 187
115 96
13 92
86 18
41 42
30 37
137 73
105 89
108 194
31 199
157 43
94 146
99 1
51 177
186 91
34 159
46 142
3 102
170 47
168 93
188 154
131 8
109 142
51 7
131 110
97 24
128 13
185 177
118 138
144 173
0 156
70 174
137 48
185 68
12 143
144 147
134 112
50 39
134 116
31 120
147 117
7 70
20 149
36 162
135 10
98 35
3 75
71 48
5 74
40 89
192 167
197 89
160 19
131 58
55 105
106 1
51 198
182 139
57 15
36 148
52 55
108 130
35 49
13 199
184 191
34 23
196 120
0 197
72 115
152 113
122 171
128 44
58 76
160 45
116 129
166 168
141 199
166 33
37 180
134 15
3 40
56 83
105 93
46 168
160 110
9 129
9 181
157 97
134 83
150 47
197 29
152 187
107 145
52 174
132 0
137 97
163 169
3 191
137 32
168 129
151 48
84 19
115 48
132 119
20 11
34 106
106 47
30 74
53 175
57 147
37 194
196 129
20 167
133 87
150 108
85 101
50 1
59 185
81 199
27 135
5 167
3 178
23 96
144 29
144 10
46 128
114 43
195 97
162 140
41 9
39 76
196 7
136 155
16 32
22 145
145 181
23 32
164 37
12 21
132 167
52 187
150 173
98 21
102 101
54 159
150 183
144 106
86 180
4 173
67 139
20 181
31 193
80 94
132 112
88 178
6 43
44 172
80 145
160 187
134 126
173 120
122 103
14 38
141 193
120 130
79 2
58 96
149 42
34 95
30 32
150 191
170 118
58 10
41 185
176 119
184 48
157 185
3 66
56 82
34 158
116 158
166 37
40 65
50 88
195 19
185 143
4 9
17 1
81 63
64 177
73 13
86 172
100 11
72 74
147 68
23 48
52 82
51 88
60 54
17 162
14 180
162 191
127 139
90 19
162 197
20 25
163 129
154 47
4 28
61 104
20 90
192 161
116 19
56 133
125 56
160 32
84 154
1 199
182 156
12 122
46 143
166 169
184 29
67 13
26 110
121 118
107 135
85 189
167 178
196 54
185 117
166 130
31 145
186 124
71 165
141 1
108 168
51 84
66 113
151 180
91 159
1 92
192 113
2 8
114 172
164 190
171 33
34 66
122 178
21 19
170 139
147 82
152 19
183 116
195 112
104 19
94 6
170 2
104 119
188 107
173 6
157 124
50 82
31 177
12 197
112 191
136 33
100 180
128 74
4 167
188 77
165 45
69 13
25 18
75 167
59 127
160 28
25 74
107 70
196 123
170 163
23 177
131 133
36 81
66 18
30 96
37 47
3 162
103 110
100 58
194 11
195 190
79 128
77 44
120 89
66 63
170 155
36 23
128 91
190 133
35 19
170 168
17 174
145 156
60 110
162 83
126 45
107 49
56 65
166 21
41 31
54 156
41 143
167 161
52 2
12 168
23 114
41 92
125 11
157 107
61 106
85 124
3 118
165 117
114 148
4 139
163 74
28 130
66 105
162 135
98 171
118 171
144 114
30 179
60 39
69 93
12 96
59 117
195 114
50 18
192 25
67 2
37 143
190 19
186 185
107 63
61 83
188 133
145 74
72 87
132 74
67 156
86 151
36 185
53 130
49 10
137 69
23 110
184 129
135 193
98 1
64 169
118 116
111 184
71 76
64 93
166 65
192 138
49 143
95 184
97 120
170 179
122 135
84 172
153 194
40 96
70 18
26 29
136 2
64 198
162 74
36 156
115 179
46 148
64 103
4 33
12 38
153 117
141 65
59 2
155 180
52 90
128 143
71 96
134 39
157 1
170 197
167 113
145 76
175 168
153 191
190 140
118 129
141 114
139 177
196 90
37 169
0 82
167 129
97 29
164 167
111 95
155 199
77 10
153 145
79 38
20 31
12 171
21 130
122 116
149 19
157 74
71 154
83 178
2 82
34 175
69 113
125 40
84 81
22 104
107 32
196 112
27 130
65 8
95 104
182 117
30 189
57 159
111 191
37 10
195 142
14 88
81 174
31 114
126 42
56 70
104 29
145 47
160 63
61 191
137 101
22 197
41 104
150 151
185 18
71 130
132 100
98 115
166 18
196 138
52 165
175 117
53 147
141 103
153 55
106 116
80 105
57 89
132 184
196 179
91 177
106 158
186 65
31 171
104 48
61 154
190 176
170 147
128 101
131 124
24 42
90 48
127 88
40 180
28 199
164 68
41 168
41 123
36 38
56 68
15 165
155 45
72 89
56 19
149 146
56 21
85 73
65 181
62 104
196 26
176 63
150 70
31 43
4 8
5 32
109 54
102 174
12 11
67 193