50 625 4
49 48
3 22
8 12
3 1
3 32
34 42
23 28
19 44
29 45
39 4
9 12
36 5
34 23
36 7
38 5
23 45
5 30
45 28
23 20
39 19
2 37
21 30
17 7
13 48
25 26
13 28
8 17
36 48
20 26
1 30
14 26
2 45
39 1
4 15
16 0
49 26
34 36
11 17
6 19
29 30
18 21
29 24
24 26
21 27
24 22
18 41
46 42
16 2
17 27
34 38
21 4
16 44
32 43
49 7
49 20
14 30
21 45
3 12
9 48
18 36
4 28
0 4
33 14
1 48
2 15
46 14
34 7
34 17
47 24
24 44
10 43
18 48
37 43
16 12
40 45
24 5
40 48
25 42
8 23
47 15
5 31
29 32
36 32
12 22
12 20
10 0
12 28
21 48
34 43
6 7
23 31
40 22
3 15
35 32
47 28
48 27
0 32
34 31
3 43
14 31
3 48
1 4
47 33
16 13
47 36
18 38
40 7
16 40
40 31
10 31
18 26
11 19
39 32
39 21
37 42
14 43
6 23
45 15
39 33
18 4
23 5
16 43
24 17
46 28
41 45
47 32
46 48
2 28
6 25
8 24
23 26
14 27
18 40
23 4
17 28
8 41
49 43
48 26
24 45
33 31
33 32
6 1
2 42
18 44
18 30
29 41
3 46
39 14
34 15
18 49
41 26
8 26
12 31
33 7
46 32
35 19
3 7
46 15
1 15
46 45
16 20
6 49
11 32
21 28
49 15
45 7
14 42
47 42
45 44
21 22
3 36
11 31
46 5
35 17
11 40
16 33
47 23
2 30
16 22
17 22
21 26
11 14
21 32
33 26
33 20
39 37
18 2
48 42
0 28
8 48
16 27
37 31
35 5
25 43
0 20
33 43
49 44
47 13
13 17
34 40
35 20
8 45
17 30
10 45
16 28
38 4
9 32
12 44
36 44
9 42
16 31
9 5
39 23
38 7
10 12
34 27
9 19
39 46
18 23
3 41
34 26
41 7
9 0
25 27
3 38
13 42
47 5
1 22
21 17
40 27
17 26
39 7
45 22
21 19
34 2
17 15
3 45
10 30
46 22
29 25
41 17
9 35
8 20
32 27
8 33
2 43
16 25
10 25
6 24
24 19
11 4
24 7
34 24
6 35
29 35
16 37
36 43
25 22
8 1
11 41
49 22
47 25
0 30
23 42
34 48
38 22
9 21
3 21
20 15
10 38
2 4
11 12
33 19
0 5
10 26
29 27
39 42
13 15
39 13
1 17
12 26
13 5
41 31
10 48
23 25
36 30
12 17
41 15
35 27
47 7
24 31
29 42
1 14
19 22
36 22
5 27
9 38
21 15
16 30
40 32
34 28
9 15
10 21
41 48
35 42
40 43
29 49
34 21
2 22
5 42
47 38
29 4
10 2
9 44
11 28
37 30
1 32
11 44
9 45
38 42
13 20
46 20
3 37
5 7
35 4
6 31
0 44
10 17
12 7
18 37
11 21
0 48
33 5
3 4
40 37
47 2
23 22
41 5
36 31
0 42
33 42
23 37
29 22
9 24
32 22
19 7
39 44
47 27
29 26
9 13
16 19
39 41
35 31
8 25
6 22
8 44
21 14
18 17
23 44
38 48
14 15
13 7
19 28
34 32
29 5
29 36
47 35
9 4
34 41
39 20
24 30
29 44
2 19
5 22
34 37
40 5
11 49
18 13
34 35
2 14
32 31
10 7
35 14
1 26
18 33
35 25
35 45
35 7
18 14
6 15
6 28
33 37
19 31
41 14
10 1
32 26
0 22
0 26
20 27
45 27
29 23
2 25
39 5
48 44
5 44
12 5
36 19
46 17
35 48
11 37
6 48
3 31
20 7
20 30
29 13
29 40
6 12
6 13
17 44
29 38
9 30
10 35
16 21
11 23
9 46
41 44
34 14
0 45
24 25
36 42
1 28
8 21
47 4
46 27
48 43
39 22
29 15
6 5
9 20
10 20
47 43
29 33
41 4
46 43
47 44
37 27
13 25
2 20
8 32
16 35
16 42
6 17
2 17
40 30
17 42
1 7
33 28
23 7
40 28
32 30
34 44
5 26
4 22
11 25
20 28
11 38
9 22
34 4
10 4
13 37
34 13
3 23
29 17
8 5
48 30
16 7
16 38
0 15
12 4
38 25
8 31
8 19
37 22
23 27
39 43
8 42
11 22
41 37
13 22
47 0
11 24
16 4
46 19
18 43
12 42
16 32
25 15
29 48
12 45
20 43
49 30
33 30
6 20
9 26
49 32
32 44
24 32
39 17
34 22
36 14
20 44
36 25
8 14
46 26
47 40
6 40
41 30
34 0
6 36
9 43
9 28
11 35
25 28
20 22
38 17
19 42
12 19
38 43
34 30
16 36
46 4
13 19
11 5
41 42
9 40
11 0
4 44
21 37
34 12
39 26
19 30
25 7
29 19
29 1
46 30
18 32
6 14
36 4
18 25
16 1
45 42
34 1
39 49
16 26
47 21
3 30
41 25
24 14
8 13
35 37
9 25
11 42
3 2
23 43
18 20
12 43
3 5
11 1
10 42
14 28
12 30
47 31
9 33
47 17
18 1
10 19
35 22
40 17
33 27
33 4
29 43
36 26
8 43
36 27
34 5
16 14
46 37
24 20
18 35
14 44
45 26
9 7
3 24
48 7
17 31
23 17
18 15
29 21
32 7
9 14
5 15
8 7
11 45
39 0
13 44
49 4
11 7
33 45
24 37
47 46
18 22
10 40
39 12
0 7
23 19
18 19
38 20
46 44
18 7
38 30
6 2
19 15
5 28
0 25
3 28