20 100 4
8 14
5 19
12 3
19 14
4 15
5 6
5 17
4 1
1 18
0 15
8 10
0 10
4 6
19 11
12 16
12 14
17 14
16 10
4 17
15 13
5 16
8 2
14 9
19 2
8 7
6 7
6 10
5 14
5 7
0 14
6 18
1 10
17 18
14 18
1 13
3 2
0 9
3 11
12 18
6 11
19 3
6 2
4 2
0 6
17 3
1 14
16 7
4 11
12 9
6 13
8 17
1 7
0 16
1 15
3 7
16 9
5 1
6 9
3 13
19 6
3 18
4 3
5 11
5 9
12 1
16 18
15 9
4 16
8 18
1 6
1 2
3 10
4 7
1 11
0 13
8 13
12 2
8 15
5 10
19 15
17 6
14 10
4 18
19 9
14 7
0 3
16 2
12 13
16 13
0 17
12 10
17 2
0 18
8 11
19 16
0 19
1 3
15 18
4 14
5 13