20 100 4
19 11
3 2
7 1
15 17
19 8
9 5
5 13
12 5
18 5
5 0
16 14
3 12
15 10
3 14
4 12
18 2
6 1
3 17
2 0
4 14
16 8
7 12
16 17
10 0
18 8
9 2
10 1
10 11
6 0
10 13
10 17
7 2
6 2
11 8
3 11
10 2
3 10
17 0
9 11
7 14
4 11
17 1
15 16
9 10
15 14
19 13
5 14
3 16
12 14
7 16
7 8
12 17
11 1
19 12
9 17
4 8
16 5
3 8
15 5
6 11
6 14
18 10
12 8
12 0
12 2
11 14
10 5
2 13
16 11
6 5
15 2
19 16
18 11
12 1
15 11
19 1
9 14
4 1
3 5
9 1
7 13
10 14
18 17
3 13
7 11
11 0
4 13
6 8
11 13
17 8
18 14
6 13
16 2
18 13
19 17
7 5
9 0
6 17
16 1
17 14