100 2500 4
78 81
68 72
95 79
42 38
67 64
58 16
66 14
85 76
64 81
18 37
74 41
26 44
98 96
72 59
90 44
20 26
53 97
53 59
67 11
8 11
57 22
30 15
91 58
7 55
49 71
45 56
27 44
79 38
77 73
64 51
64 37
13 86
29 37
43 19
35 51
91 14
19 97
0 98
7 70
52 97
0 96
31 5
7 44
30 86
28 59
12 3
50 10
74 96
67 35
39 99
66 76
59 87
7 66
49 97
52 61
62 51
65 63
27 6
43 44
76 51
30 48
65 17
91 54
95 80
7 64
65 16
89 16
20 48
10 17
72 73
70 94
43 48
39 63
59 11
83 34
50 2
91 2
62 78
66 17
58 69
61 44
91 24
29 51
61 15
35 34
45 46
65 34
36 76
45 76
50 4
36 71
68 54
89 54
13 14
13 45
23 3
90 10
88 37
69 44
85 8
10 97
20 66
88 87
88 17
43 40
83 87
27 0
57 51
89 80
82 87
9 42
49 51
84 80
70 17
8 81
4 2
74 15
46 93
28 5
3 25
72 64
47 6
36 19
28 44
43 96
77 97
77 3
85 69
43 41
3 56
9 60
36 26
75 98
31 37
7 25
68 87
0 37
8 33
89 76
39 47
9 35
89 15
67 33
1 16
50 86
68 60
64 54
68 8
24 6
78 73
28 47
77 19
36 41
0 78
17 11
22 56
77 18
13 18
24 86
32 51
8 18
27 2
72 86
1 39
3 81
89 8
91 38
53 83
68 70
77 96
65 87
52 6
68 49
91 61
85 41
88 33
50 45
85 96
57 45
67 86
20 11
7 5
20 54
52 40
13 97
58 5
68 14
63 87
76 60
88 86
13 47
18 54
23 26
7 96
61 71
75 60
82 18
90 25
35 41
57 49
48 93
59 56
48 80
4 33
72 93
48 46
0 40
50 94
14 93
1 60
91 42
19 5
48 71
66 34
35 64
24 51
89 12
10 94
0 87
10 76
95 71
1 61
24 73
99 81
28 72
84 96
85 0
75 79
74 73
57 86
49 81
66 37
1 18
27 22
52 60
82 93
17 25
9 44
43 18
27 19
58 2
35 40
22 6
83 80
82 97
55 32
52 33
90 35
13 41
70 6
19 6
89 51
74 87
52 0
21 88
77 14
57 60
92 56
31 86
29 15
79 54
12 73
43 6
9 59
7 17
42 98
88 51
13 12
91 64
67 93
31 25
34 54
72 32
84 6
64 93
95 55
38 5
22 40
84 83
58 34
82 66
95 14
83 33
90 36
75 76
66 31
79 40
85 56
0 81
7 97
65 69
62 36
45 96
39 81
45 37
24 81
28 34
9 74
78 41
85 88
62 25
83 54
52 24
22 46
43 66
42 76
72 17
27 98
17 86
65 35
89 24
29 64
8 98
85 5
23 80
12 5
1 4
55 64
75 66
7 24
23 37
70 60
75 87
91 8
48 40
57 98
85 97
88 61
85 74
53 99
53 26
53 10
38 51
72 76
90 96
47 56
17 16
26 56
9 17
85 24
3 73
64 5
95 44
59 16
27 25
1 10
22 63
8 74
79 18
9 40
68 10
70 71
43 69
53 33
98 54
62 77
30 79
29 31
64 41
12 33
28 51
43 98
89 97
98 44
55 33
39 54
75 69
57 69
89 73
61 56
68 38
53 74
70 81
10 47
61 97
90 56
22 31
52 35
57 61
59 86
21 12
89 4
66 98
88 44
82 88
36 47
92 36
65 83
29 58
30 25
39 24
29 44
39 74
20 70
8 86
53 76
42 80
23 58
48 25
84 32
21 45
55 86
66 46
89 34
9 66
91 49
46 40
48 74
53 46
83 3
1 26
82 24
62 81
24 56
48 15
34 81
67 81
39 78
68 19
75 8
30 54
45 69
12 14
88 40
65 99
91 31
84 35
1 8
91 15
12 24
67 61
84 74
88 71
12 19
13 36
91 36
24 25
29 93
23 96
38 86
32 94
31 87
69 16
31 97
82 0
50 51
23 22
7 60
85 72
1 36
64 15
24 71
0 38
35 54
13 2
84 45
35 25
52 88
95 47
89 64
99 71
0 56
43 73
36 24
57 54
52 19
91 11
79 14
92 98
75 74
4 80
19 51
22 76
85 17
17 40
68 99
53 8
82 17
48 96
84 93
70 69
91 97
91 71
43 77
85 81
83 31
28 45
4 25
90 18
27 8
92 15
3 2
77 76
20 94
64 97
32 97
46 16
67 24
65 25
36 15
91 34
95 8
78 54
22 94
78 94
20 87
32 87
92 72
98 40
12 54
89 81
43 60
9 55
55 18
0 99
92 35
67 44
83 37
17 81
62 88
68 76
53 72
89 49
30 12
20 88
10 3
0 6
14 86
22 5
58 15
34 41
30 56
84 87
91 79
74 93
35 96
43 94
65 3
50 16
10 69
8 25
32 16
83 97
53 45
75 19
3 15
29 45
20 71
55 87
91 48
65 96
50 87
39 33
58 94
66 25
67 34
68 58
23 81
29 97
92 24
8 49
91 12
45 78
52 77
89 86
21 99
18 25
82 34
20 51
74 25
45 47
58 97
75 99
66 2
92 6
62 33
95 98
32 6
9 37
34 2
55 69
26 54
28 71
27 38
27 37
70 98
92 61
20 2
42 87
9 73
22 16
65 54
83 51
53 51
99 93
63 41
62 34
45 14
36 6
90 97
65 70
55 34
28 58
90 69
38 97
57 2
74 6
27 69
28 15
34 60
75 54
53 39
72 69
65 60
14 73
50 8
67 69
82 83
84 12
58 80
61 80
29 55
92 96
23 86
13 60
43 2
39 51
13 87
91 26
45 4
76 11
57 15
19 25
27 79
47 5
13 51
58 44
83 94
83 19
8 99
1 63
62 15
35 97
14 54
63 54
26 6
82 42
39 41
4 6
85 12
29 77
57 35
48 31
10 4
62 17
68 86
32 80
77 25
13 26
95 39
84 98
3 41
21 49
29 86
58 37
1 17
30 3
7 98
85 87
48 4
23 60
30 0
84 22
65 6
53 69
34 93
88 96
19 80
92 38
58 31
58 51
10 31
53 73
20 79
90 66
0 54
32 2
91 72
84 77
84 39
28 61
19 2
45 61
29 99
65 78
27 93
79 81
72 41
36 49
57 55
55 99
66 60
67 18
42 6
68 66
83 11
39 16
70 74
77 6
52 96
20 39
48 73
0 4
12 80
72 46
90 45
46 33
0 59
85 66
66 87
23 0
95 25
70 32
27 18
72 25
47 51
68 42
27 76
49 15
62 73
9 93
23 17
68 77
14 25
68 78
66 97
55 49
66 18
85 55
28 76
67 48
95 15
85 15
50 74
7 88
7 77
66 26
27 81
46 86
28 11
20 96
85 61
38 37
64 71
65 72
68 36
69 51
62 8
0 60
30 33
39 56
67 78
22 87
28 33
34 40
8 73
75 96
68 69
65 32
20 58
36 51
77 60
78 80
43 76
92 39
92 49
22 3
39 11
89 26
91 74
57 93
45 54
21 44
85 39
91 77
7 35
14 94
84 48
92 86
20 80
13 19
30 61
65 5
52 83
34 51
28 25
42 96
7 86
10 64
62 54
7 18
24 5
85 19
31 15
82 79
49 86
62 44
84 72
17 37
48 69
21 19
26 94
70 37
89 88
90 76
21 69
9 6
23 93
68 97
1 46
63 51
85 80
52 94
88 3
9 99
79 74
26 73
82 78
55 96
82 12
35 16
75 0
18 56
22 73
50 14
72 18
79 31
82 38
12 16
55 26
17 97
12 98
82 61
35 71
69 56
90 87
49 73
23 76
70 49
28 46
20 42
53 35
65 31
43 46
27 94
30 83
28 36
72 56
52 18
50 6
0 51
29 41
84 37
26 25
82 54
10 61
21 94
28 31
8 93
66 99
13 77
59 40
65 77
89 79
9 51
7 47
92 40
46 37
66 5
47 73
59 6
79 16
75 12
52 78
68 0
21 3
92 41
19 16
18 51
0 93
50 97
50 63
19 40
18 5
9 5
12 64
32 81
79 71
27 48
79 69
82 44
31 6
85 42
88 74
47 97
43 24
55 6
77 74
27 14
47 96
82 72
8 97
52 44
53 56
92 55
79 76
53 15
39 38
82 56
7 8
64 86
55 76
7 14
21 64
70 46
30 42
43 10
30 34
27 83
9 38
84 4
35 73
13 34
35 76
23 61
50 12
72 80
75 88
12 41
55 16
43 88
91 66
90 8
90 86
28 35
79 2
21 36
38 71
95 37
82 6
89 18
68 26
69 73
23 48
67 2
1 73
99 25
92 18
84 51
13 54
67 6
62 6
75 97
10 63
52 76
95 17
43 25
89 10
18 2
89 5
66 74
88 76
38 11
95 19
45 31
57 70
62 35
0 15
29 96
53 54
36 87
92 78
83 18
82 74
72 81
48 17
29 2
67 8
34 86
84 41
9 18
76 97
88 18
53 80
74 71
92 81
28 63
47 60
66 71
38 15
28 2
1 47
55 41
48 47
65 94
75 5
26 71
36 16
29 33
24 2
70 96
20 99
22 93
83 2
22 15
53 16
62 47
23 4
88 41
20 16
26 93
90 32
7 12
76 94
65 33
91 73
35 61
82 60
99 60
9 10
17 80
27 78
43 81
52 66
77 93
46 87
65 46
27 74
8 19
43 93
9 64
58 17
29 5
62 40
88 49
27 88
42 32
75 15
45 17
58 38
95 64
68 3
3 16
52 73
75 14
10 11
91 22
22 24
57 12
92 3
50 37
13 58
34 71
14 16
72 26
67 40
12 94
69 87
13 76
21 10
88 16
88 63
47 16
89 93
23 99
91 3
27 97
23 11
68 11
4 15
78 93
36 98
88 73
7 73
85 4
47 40
23 39
82 80
68 83
10 19
48 51
62 48
13 33
52 51
13 8
8 78
85 35
79 97
29 6
62 18
20 36
68 56
84 14
57 36
3 93
29 8
67 94
0 86
7 26
68 33
20 46
53 55
26 5
92 42
69 33
65 45
95 6
69 86
67 31
65 49
9 58
79 33
30 2
7 54
88 11
68 98
92 59
53 22
22 74
84 79
10 59
91 96
52 74
98 73
13 16
89 42
84 81
48 87
29 48
91 86
8 34
12 6
75 11
10 33
53 18
59 41
29 18
52 17
67 37
9 97
13 35
9 49
74 97
92 63
53 31
82 73
17 71
58 99
8 71
31 11
8 6
22 99
50 72
62 4
30 87
52 86
13 78
65 58
63 56
84 33
82 46
28 6
83 16
38 40
88 54
65 41
79 86
67 15
90 64
7 49
95 33
26 37
65 14
43 4
65 0
39 76
84 60
29 39
90 98
62 46
18 73
82 96
30 88
52 45
1 31
27 35
52 42
75 78
88 93
68 34
88 38
36 14
58 74
89 69
92 48
48 6
65 39
95 94
69 96
98 11
13 93
50 78
1 81
92 77
28 17
65 61
3 86
8 15
65 97
63 33
20 32
29 83
30 72
75 24
14 6
65 42
57 0
68 73
50 44
36 81
35 24
28 96
27 86
46 54
68 24
72 3
91 37
28 42
55 74
8 46
99 33
31 41
61 73
30 59
38 73
20 5
1 54
9 61
28 22
66 86
89 39
21 41
62 69
19 86
17 87
43 87
23 15
30 37
77 33
1 79
67 26
61 87
61 25
27 58
28 83
77 37
18 11
65 93
3 60
22 38
47 15
77 5
99 51
12 76
89 99
69 5
13 37
12 96
30 70
59 81
76 96
57 3
42 11
22 78
82 4
10 60
35 15
9 79
43 37
76 2
99 15
75 41
52 5
84 2
79 63
89 6
90 19
20 55
53 60
91 32
63 2
66 81
77 46
55 15
53 25
22 81
62 12
43 79
29 17
34 97
85 73
69 6
30 94
52 55
59 80
79 15
62 11
12 86
70 2
91 25
65 59
48 49
68 71
7 3
75 48
21 76
9 45
49 33
91 39
39 87
52 63
91 35
88 97
90 33
4 86
70 25
1 96
42 73
72 63
23 66
27 72
45 86
69 37
63 60
67 97
42 41
84 97
8 76
27 99
53 6
28 37
52 79
50 3
85 38
85 33
32 73
9 46
32 5
67 70
14 44
91 94
39 18
23 10
53 66
22 2
26 15
90 93
21 32
28 77
92 22
89 3
63 5
92 4
67 77
7 22
58 86
85 36
13 32
52 25
68 22
58 81
18 86
92 14
36 97
95 86
29 40
52 54
23 87
89 70
91 78
77 41
42 3
62 93
21 15
36 33
78 87
88 64
20 93
4 93
39 49
43 56
38 93
27 33
90 77
39 31
35 94
30 18
23 56
77 16
99 6
58 11
10 73
27 36
89 48
21 74
91 47
92 54
0 69
90 3
82 11
89 2
49 96
53 0
21 63
95 97
7 37
75 18
78 15
1 35
57 59
35 11
59 51
98 41
63 25
23 2
21 22
85 54
50 26
76 6
9 48
59 25
52 64
58 54
19 96
3 5
72 2
72 24
27 5
91 59
82 32
98 94
29 98
20 8
23 40
29 16
4 37
0 18
24 16
39 94
57 73
55 44
26 60
13 88
92 10
68 59
10 37
22 69
66 11
95 36
0 25
34 80
50 5
13 70
10 25
13 64
26 80
64 2
31 96
27 41
13 94
8 44
4 60
29 70
29 59
84 54
91 88
55 93
84 11
78 71
32 25
36 59
92 73
13 6
19 94
22 18
7 31
39 19
20 72
0 11
84 15
78 97
99 73
72 5
79 49
22 25
4 44
9 94
42 31
1 15
27 77
9 15
66 59
29 19
9 98
31 33
20 15
1 72
8 87
43 51
91 18
32 71
29 49
84 69
27 12
91 6
77 78
9 78
85 58
8 41
29 69
67 74
49 16
69 71
59 37
70 31
78 37
95 40
24 41
43 14
19 56
52 99
82 19
62 58
1 14
21 14
9 4
77 99
55 3
35 47
19 41
95 81
42 86
7 6
17 56
13 96
30 10
92 44
0 94
74 54
88 34
4 40
79 17
34 73
10 34
28 87
77 47
91 70
42 56
63 73
28 70
24 87
27 24
89 98
70 26
23 88
90 71
88 98
62 76
22 34
45 16
21 6
92 97
36 18
59 15
7 19
45 44
68 96
4 97
85 32
82 69
75 56
10 18
68 31
62 41
23 14
27 70
0 47
36 44
59 71
21 56
32 54
85 98
49 56
1 2
65 79
43 5
3 96
68 40
75 46
14 41
84 47
47 41
90 60
57 87
90 15
75 55
68 80
53 36
82 39
0 49
23 77
57 71
29 14
72 94
28 88
76 86
91 33
62 66
53 38
99 2
42 74
53 64
58 61
10 49
9 12
17 44
32 56
30 36
89 33
58 98
83 98
0 14
77 87
74 60
66 44
4 73
18 94
0 73
84 61
70 80
29 10
90 34
69 94
38 94
27 71
8 69
42 63
1 55
24 33
20 81
89 41
76 80
55 51
9 81
89 83
22 60
88 94
50 80
84 25
18 16
39 69
61 37
99 96
69 60
79 46
23 44
57 47
0 24
65 19
67 42
53 3
95 26
65 71
7 83
49 37
98 60
84 40
21 97
35 44
95 58
27 4
47 80
82 10
79 61
65 12
39 37
85 64
67 19
43 17
92 11
77 31
85 18
21 81
88 99
29 22
27 42
88 78
74 80
72 19
77 4
91 56
89 96
30 55
28 10
9 24
35 49
23 47
92 0
84 8
66 6
20 34
78 6
79 98
58 76
30 66
67 25
95 0
95 41
22 47
52 48
45 99
52 72
89 35
21 0
21 8
35 33
95 49
82 59
9 96
90 49
9 47
45 19
48 37
24 97
26 97
75 39
20 86
90 80
57 42
42 99
76 5
21 86
12 34
17 33
63 40
72 99
45 40
57 40
84 10
62 94
88 24
20 31
53 87
89 45
68 48
27 96
75 6
52 15
23 42
24 80
92 79
91 44
50 18
38 96
32 15
42 59
79 26
65 86
59 96
53 94
67 55
59 44
10 2
58 93
10 51
99 40
85 40
59 33
53 17
31 40
65 2
95 99
66 49
20 6
10 96
22 11
57 10
53 24
75 10
29 79
23 24
77 15
27 16
57 64
90 4
9 22
12 81
89 87
92 47
63 15
30 45
89 60
90 74
1 3
52 41
1 77
65 80
23 45
50 54
53 81
1 42
43 0
92 60
95 34
90 70
0 16
35 31
65 18
55 54
45 80
83 64
13 74
38 81
30 93
10 24
77 61
49 41
46 80
35 46
30 77
55 80
70 51
52 16
9 88
22 26
20 74
13 71
45 15
92 87
90 39
99 87
57 8
90 94
49 40
8 61
62 80
13 39
42 16
1 25
35 86
83 41
72 51
84 88
57 24
30 31
65 10
21 35
83 40
45 71
68 55
19 33
24 93
27 59
7 93
64 33
38 56
49 2
99 11
28 8
26 16
32 37
92 69
3 87
95 5
68 61
66 16
23 83
92 31
36 38
83 81
9 72
7 71
23 72
74 44
65 64
98 2
34 33
63 81
92 34
66 19
39 15
23 38
91 16
64 87
77 26
38 33
12 25
26 40
61 11
14 96
98 33
34 16
89 32
66 33
45 18
92 19
31 81
46 56
35 81
68 35
1 6
48 59
28 26
36 64
65 15
57 5
67 72
42 81
57 56
91 99
39 86
39 71
18 93
55 31
70 87
57 46
50 24
55 73
50 98
70 19
22 17
83 44
10 16
79 60
57 41
4 71
4 16
20 45
95 10
90 58
61 2
20 18
21 60
89 19
12 87
90 47
57 79
95 42
43 39
76 81
28 40
43 47
27 56
50 99
13 55
38 80
3 11
20 49
43 99
49 44
83 25
90 79
63 94
35 18
52 49
95 66
58 24
72 54
62 98
59 93
29 78
75 35
89 59
9 41
18 87
27 47
58 56
95 24
79 78
9 34
63 97
43 35
28 97
98 16
90 41
75 47
29 25
83 32
52 46
26 41
68 6
67 71
31 94
31 60
49 25
64 73
53 49
50 22
28 81
83 71
23 64
1 41
18 15
45 63
67 3
28 64
27 61
92 32
46 96
50 34
74 5
9 80
58 19
8 32
21 24
20 40
52 69
39 96
21 18
22 4
57 16
65 36
82 3
90 11
22 80
85 3
48 54
23 54
53 11
1 71
22 96
85 83
52 59
0 61
1 99
76 25
99 54
30 97
50 41
67 83
9 54
21 58
55 94
39 60
95 45
28 41
63 71
23 12
82 81
50 55
57 81
12 59
90 37
9 14
57 37
27 46
92 58
67 98
13 17
82 25
7 76
69 2
69 25
27 31
83 47
21 33
36 69
95 3
43 59
62 59
91 40
72 74
70 59
75 61
17 73
92 94
55 37
39 14
95 77
67 80
68 63
43 3
57 78
34 25
29 38
85 99
39 59
82 22
77 59
48 64
36 86
30 19
67 0
53 12
10 71
50 88
18 44
70 54
39 3
28 79
85 70
34 5
9 39
7 80
90 99
30 39
83 24
61 5
84 0
29 26
65 8
52 39
79 25
13 69
48 34
28 19
62 72
42 94
55 56
23 49
72 96
13 46
48 99
99 80
83 73
84 64
28 66
70 41
8 94
42 49
29 76
28 24
70 11
95 16
12 31
35 32
58 33
95 96
22 51
84 16
29 3
79 24
52 8
12 69
82 16
70 47
70 34
50 83
35 2
12 49
27 51
13 61
7 32
76 93
29 11
92 37
42 40
65 24
28 98
91 80
75 72
30 24
1 24
27 3
19 44
68 17
83 17
36 54
43 45
77 34
77 64
42 4
29 88
88 59
23 18
53 70
30 40
23 36
88 2
59 5
75 86
85 71
35 69
49 54
67 51
65 37
20 38
75 44
83 69
70 61
1 32
12 11
46 5
58 47
79 32
17 96
57 34
70 3
84 18
64 40
31 54
68 41
24 96
82 47
45 32
69 15
75 70
7 69
57 83
68 15
77 81
50 70
7 99
57 97
18 97
46 94
34 15
43 11
32 40
9 36
65 81
20 73
58 18
67 47
4 96
9 33
49 93
23 46
30 8
7 33
58 46
95 32
7 59
8 64
89 0
65 66
62 56
20 12
72 78
55 78
75 93
89 77
23 74
47 71
85 14
20 64
79 11
10 44
39 93
27 34
43 71
34 87
30 58
52 22
67 49
42 61
95 54
43 38
68 47
30 17
46 2
13 0
72 4
36 40
55 4
45 34
50 11
58 6
50 58
0 2
70 86
4 54
52 71
91 93
1 86
10 74
19 11
23 51
18 71
62 64
27 60
23 73
20 78
85 49
52 34
39 32
75 33
20 4
38 41
1 44
28 14
61 96
92 74
58 60
29 34
27 55
92 99
23 33
76 44
9 26
35 99
65 38
75 16
43 8
23 59
47 93
88 6
13 38
30 96
57 14
48 16
65 48
36 63
29 87
13 80
21 98
58 59
45 5
7 39
14 37
45 60
53 42
48 26
4 11
61 51
50 71
82 76
22 59
52 14
70 24
31 80
89 72
90 24
90 2
22 19
95 22
48 3
50 32
84 5
68 18
55 97
20 10
89 31
85 37
3 40
84 58
62 31
90 59
1 80
50 73
57 58
53 61
30 26
31 71
88 60
85 47
20 17
65 40
45 87
67 96
53 47
1 74
47 54
28 32
46 97
43 61
50 0
20 61
45 25
30 41
8 26
1 59
63 37
95 88
12 26
88 47
69 40
85 31
89 47
50 61
21 38
14 56
9 3
23 34
91 69
20 3
65 74
57 99
21 40
3 33
13 79
23 94
58 40
84 59
99 5
8 24
23 97
0 26
90 48
48 24
30 35
98 25
77 32
83 14
68 32
57 63
17 60
68 51
50 93
0 76
29 46
53 86
13 98
42 71
68 2
67 5
85 93
26 96
43 42
62 2
29 24
47 86
50 31
53 14
13 81
78 11
95 74
62 26
64 16
0 5
85 10
66 24
67 99
62 5
1 98
10 15
89 74
75 81
67 36
27 40
85 2
23 78
82 63
10 98
39 46
45 3
75 45
52 26
7 4
53 41
62 61
12 37
42 97
14 80
95 87
63 16
62 19
75 42
50 25
17 2
28 38
42 47
82 31
27 49
83 59
69 93
82 14
82 49
1 69
84 56
13 11
45 94
7 41
70 14
9 25
31 51
83 61
36 5
7 16
66 56
89 55
42 78
92 64
66 63
62 0
70 40
46 15
92 70
53 5
78 2